OccurredAtUtc	EventKind	Subject	Detail
2026-06-03T18:57:16.4467772+00:00	RunStarted	orchestration	C:\Users\jimmy\Desktop\meta-bi\Samples\Demos\MetaOrchestrationHairballCliIntegration\Runs\hairball-seed-20260530\OrchestrationWS
2026-06-03T18:57:16.4560099+00:00	Process	meta-orchestration	30564
2026-06-03T18:57:16.4563031+00:00	PipelineExecutable	meta-pipeline	
2026-06-03T18:57:16.4566004+00:00	PipelineWorkspace	C:\Users\jimmy\Desktop\meta-bi\Samples\Demos\MetaOrchestrationHairballCliIntegration\Runs\hairball-seed-20260530\PipelineWS	
2026-06-03T18:57:16.4568432+00:00	TransformWorkspace	C:\Users\jimmy\Desktop\meta-bi\Samples\Demos\MetaOrchestrationHairballCliIntegration\Runs\hairball-seed-20260530\TransformWS	
2026-06-03T18:57:16.4571303+00:00	BindingWorkspace	C:\Users\jimmy\Desktop\meta-bi\Samples\Demos\MetaOrchestrationHairballCliIntegration\Runs\hairball-seed-20260530\BindingWS	
2026-06-03T18:57:16.4663019+00:00	LeaseAcquired	C:\Users\jimmy\Desktop\meta-bi\Samples\Demos\MetaOrchestrationHairballCliIntegration\Runs\hairball-seed-20260530\OrchestrationWS	C:\Users\jimmy\Desktop\meta-bi\Samples\Demos\MetaOrchestrationHairballCliIntegration\Runs\hairball-seed-20260530\RunArtifacts\leases\b30631311a63a1938a1d960e11d1b12772a5b649874a11ab9e9983ed17563480.tsv
2026-06-03T18:57:16.4673559+00:00	Phase	Loading	C:\Users\jimmy\Desktop\meta-bi\Samples\Demos\MetaOrchestrationHairballCliIntegration\Runs\hairball-seed-20260530\OrchestrationWS
2026-06-03T18:57:16.5488562+00:00	Phase	Building	C:\Users\jimmy\Desktop\meta-bi\Samples\Demos\MetaOrchestrationHairballCliIntegration\Runs\hairball-seed-20260530\OrchestrationWS
2026-06-03T18:57:16.5593705+00:00	Phase	Saving	C:\Users\jimmy\Desktop\meta-bi\Samples\Demos\MetaOrchestrationHairballCliIntegration\Runs\hairball-seed-20260530\OrchestrationWS
2026-06-03T18:57:16.6208977+00:00	RetryPolicyResolved	DefaultRetryPolicy	MaxAttempts=3; RetryableFailureClasses=6
2026-06-03T18:57:16.6237862+00:00	RunPlanReady	DefaultRunPlan	137
2026-06-03T18:57:16.6739209+00:00	WorkerStarting	ExtractSeed01	meta-pipeline
2026-06-03T18:57:16.7618909+00:00	WorkerStarted	ExtractSeed01	16652
2026-06-03T18:57:16.7622933+00:00	WorkerControlPipe	ExtractSeed01	meta-orchestration-b0621b4c5e744b31a4fbccf2136611c6
2026-06-03T18:57:16.7626120+00:00	WorkerLog	ExtractSeed01	stdout=C:\Users\jimmy\Desktop\meta-bi\Samples\Demos\MetaOrchestrationHairballCliIntegration\Runs\hairball-seed-20260530\RunArtifacts\runs\20260603-185716_bb82a8c45ce24311ba67a7cf001329c5\logs\ExtractSeed01-16652.stdout.log; stderr=C:\Users\jimmy\Desktop\meta-bi\Samples\Demos\MetaOrchestrationHairballCliIntegration\Runs\hairball-seed-20260530\RunArtifacts\runs\20260603-185716_bb82a8c45ce24311ba67a7cf001329c5\logs\ExtractSeed01-16652.stderr.log
2026-06-03T18:57:16.7669473+00:00	WorkerStarting	ExtractSeed02	meta-pipeline
2026-06-03T18:57:16.8448287+00:00	WorkerStarted	ExtractSeed02	31524
2026-06-03T18:57:16.8451838+00:00	WorkerControlPipe	ExtractSeed02	meta-orchestration-fedc7808045347519a1ee4f8bd24a4d2
2026-06-03T18:57:16.8454781+00:00	WorkerLog	ExtractSeed02	stdout=C:\Users\jimmy\Desktop\meta-bi\Samples\Demos\MetaOrchestrationHairballCliIntegration\Runs\hairball-seed-20260530\RunArtifacts\runs\20260603-185716_bb82a8c45ce24311ba67a7cf001329c5\logs\ExtractSeed02-31524.stdout.log; stderr=C:\Users\jimmy\Desktop\meta-bi\Samples\Demos\MetaOrchestrationHairballCliIntegration\Runs\hairball-seed-20260530\RunArtifacts\runs\20260603-185716_bb82a8c45ce24311ba67a7cf001329c5\logs\ExtractSeed02-31524.stderr.log
2026-06-03T18:57:16.8480655+00:00	WorkerEvent	ExtractSeed01	WorkerOnline; ExitCode=0; online
2026-06-03T18:57:16.8534329+00:00	WorkerStarting	ExtractSeed03	meta-pipeline
2026-06-03T18:57:16.9289378+00:00	WorkerStarted	ExtractSeed03	20016
2026-06-03T18:57:16.9292436+00:00	WorkerControlPipe	ExtractSeed03	meta-orchestration-90209d88d872409586736ec59a51a99a
2026-06-03T18:57:16.9294820+00:00	WorkerLog	ExtractSeed03	stdout=C:\Users\jimmy\Desktop\meta-bi\Samples\Demos\MetaOrchestrationHairballCliIntegration\Runs\hairball-seed-20260530\RunArtifacts\runs\20260603-185716_bb82a8c45ce24311ba67a7cf001329c5\logs\ExtractSeed03-20016.stdout.log; stderr=C:\Users\jimmy\Desktop\meta-bi\Samples\Demos\MetaOrchestrationHairballCliIntegration\Runs\hairball-seed-20260530\RunArtifacts\runs\20260603-185716_bb82a8c45ce24311ba67a7cf001329c5\logs\ExtractSeed03-20016.stderr.log
2026-06-03T18:57:16.9298888+00:00	WorkerEvent	ExtractSeed01	WorkerReady; ExitCode=0; ready
2026-06-03T18:57:16.9346004+00:00	StartPipeline	ExtractSeed01	ExtractSeed01
2026-06-03T18:57:16.9356251+00:00	WorkerEvent	ExtractSeed02	WorkerOnline; ExitCode=0; online
2026-06-03T18:57:16.9364469+00:00	WorkerStarting	ExtractSeed04	meta-pipeline
2026-06-03T18:57:17.0172029+00:00	WorkerStarted	ExtractSeed04	26636
2026-06-03T18:57:17.0175108+00:00	WorkerControlPipe	ExtractSeed04	meta-orchestration-b588c30e4cbf432b946195db6f4155c5
2026-06-03T18:57:17.0178135+00:00	WorkerLog	ExtractSeed04	stdout=C:\Users\jimmy\Desktop\meta-bi\Samples\Demos\MetaOrchestrationHairballCliIntegration\Runs\hairball-seed-20260530\RunArtifacts\runs\20260603-185716_bb82a8c45ce24311ba67a7cf001329c5\logs\ExtractSeed04-26636.stdout.log; stderr=C:\Users\jimmy\Desktop\meta-bi\Samples\Demos\MetaOrchestrationHairballCliIntegration\Runs\hairball-seed-20260530\RunArtifacts\runs\20260603-185716_bb82a8c45ce24311ba67a7cf001329c5\logs\ExtractSeed04-26636.stderr.log
2026-06-03T18:57:17.0182536+00:00	WorkerEvent	ExtractSeed02	WorkerReady; ExitCode=0; ready
2026-06-03T18:57:17.0190083+00:00	StartPipeline	ExtractSeed02	ExtractSeed02
2026-06-03T18:57:17.0195999+00:00	WorkerEvent	ExtractSeed03	WorkerOnline; ExitCode=0; online
2026-06-03T18:57:17.0202351+00:00	WorkerStarting	ExtractSeed05	meta-pipeline
2026-06-03T18:57:17.1208151+00:00	WorkerStarted	ExtractSeed05	29552
2026-06-03T18:57:17.1212016+00:00	WorkerControlPipe	ExtractSeed05	meta-orchestration-f34823a41a4a40ed8127de1b87feca85
2026-06-03T18:57:17.1215442+00:00	WorkerLog	ExtractSeed05	stdout=C:\Users\jimmy\Desktop\meta-bi\Samples\Demos\MetaOrchestrationHairballCliIntegration\Runs\hairball-seed-20260530\RunArtifacts\runs\20260603-185716_bb82a8c45ce24311ba67a7cf001329c5\logs\ExtractSeed05-29552.stdout.log; stderr=C:\Users\jimmy\Desktop\meta-bi\Samples\Demos\MetaOrchestrationHairballCliIntegration\Runs\hairball-seed-20260530\RunArtifacts\runs\20260603-185716_bb82a8c45ce24311ba67a7cf001329c5\logs\ExtractSeed05-29552.stderr.log
2026-06-03T18:57:17.1220800+00:00	WorkerEvent	ExtractSeed03	WorkerReady; ExitCode=0; ready
2026-06-03T18:57:17.1233928+00:00	StartPipeline	ExtractSeed03	ExtractSeed03
2026-06-03T18:57:17.1243633+00:00	WorkerEvent	ExtractSeed04	WorkerOnline; ExitCode=0; online
2026-06-03T18:57:17.1262282+00:00	WorkerStarting	ExtractSeed06	meta-pipeline
2026-06-03T18:57:17.7082031+00:00	WorkerStarted	ExtractSeed06	26840
2026-06-03T18:57:17.7087853+00:00	WorkerControlPipe	ExtractSeed06	meta-orchestration-c279546a23314305a975b7a1a72addcf
2026-06-03T18:57:17.7090338+00:00	WorkerLog	ExtractSeed06	stdout=C:\Users\jimmy\Desktop\meta-bi\Samples\Demos\MetaOrchestrationHairballCliIntegration\Runs\hairball-seed-20260530\RunArtifacts\runs\20260603-185716_bb82a8c45ce24311ba67a7cf001329c5\logs\ExtractSeed06-26840.stdout.log; stderr=C:\Users\jimmy\Desktop\meta-bi\Samples\Demos\MetaOrchestrationHairballCliIntegration\Runs\hairball-seed-20260530\RunArtifacts\runs\20260603-185716_bb82a8c45ce24311ba67a7cf001329c5\logs\ExtractSeed06-26840.stderr.log
2026-06-03T18:57:17.7094860+00:00	WorkerEvent	ExtractSeed04	WorkerReady; ExitCode=0; ready
2026-06-03T18:57:17.7107089+00:00	StartPipeline	ExtractSeed04	ExtractSeed04
2026-06-03T18:57:17.7116124+00:00	WorkerEvent	ExtractSeed01	PipelineStarted; ExitCode=0; pipeline started
2026-06-03T18:57:17.7128217+00:00	WorkerEvent	ExtractSeed02	PipelineStarted; ExitCode=0; pipeline started
2026-06-03T18:57:17.7134180+00:00	WorkerEvent	ExtractSeed03	PipelineStarted; ExitCode=0; pipeline started
2026-06-03T18:57:17.7139659+00:00	WorkerEvent	ExtractSeed05	WorkerOnline; ExitCode=0; online
2026-06-03T18:57:17.7146479+00:00	WorkerEvent	ExtractSeed06	WorkerOnline; ExitCode=0; online
2026-06-03T18:57:17.7156395+00:00	WorkerStarting	ExtractSeed07	meta-pipeline
2026-06-03T18:57:18.7342080+00:00	WorkerStarted	ExtractSeed07	20228
2026-06-03T18:57:18.7352556+00:00	WorkerControlPipe	ExtractSeed07	meta-orchestration-e08ae30091ca498dbe071df7faface40
2026-06-03T18:57:18.7358968+00:00	WorkerLog	ExtractSeed07	stdout=C:\Users\jimmy\Desktop\meta-bi\Samples\Demos\MetaOrchestrationHairballCliIntegration\Runs\hairball-seed-20260530\RunArtifacts\runs\20260603-185716_bb82a8c45ce24311ba67a7cf001329c5\logs\ExtractSeed07-20228.stdout.log; stderr=C:\Users\jimmy\Desktop\meta-bi\Samples\Demos\MetaOrchestrationHairballCliIntegration\Runs\hairball-seed-20260530\RunArtifacts\runs\20260603-185716_bb82a8c45ce24311ba67a7cf001329c5\logs\ExtractSeed07-20228.stderr.log
2026-06-03T18:57:18.7371252+00:00	WorkerEvent	ExtractSeed01.extract-seed-01	TaskReady; ExitCode=0; 
2026-06-03T18:57:18.7408235+00:00	WorkerEvent	ExtractSeed02.extract-seed-02	TaskReady; ExitCode=0; 
2026-06-03T18:57:18.7412782+00:00	WorkerEvent	ExtractSeed03.extract-seed-03	TaskReady; ExitCode=0; 
2026-06-03T18:57:18.7418523+00:00	WorkerEvent	ExtractSeed05	WorkerReady; ExitCode=0; ready
2026-06-03T18:57:18.7425996+00:00	StartPipeline	ExtractSeed05	ExtractSeed05
2026-06-03T18:57:18.7432637+00:00	WorkerEvent	ExtractSeed04	PipelineStarted; ExitCode=0; pipeline started
2026-06-03T18:57:18.7437308+00:00	WorkerEvent	ExtractSeed06	WorkerReady; ExitCode=0; ready
2026-06-03T18:57:18.7442895+00:00	StartPipeline	ExtractSeed06	ExtractSeed06
2026-06-03T18:57:18.7448346+00:00	WorkerEvent	ExtractSeed04.extract-seed-04	TaskReady; ExitCode=0; 
2026-06-03T18:57:18.7453035+00:00	WorkerEvent	ExtractSeed07	WorkerOnline; ExitCode=0; online
2026-06-03T18:57:18.7522618+00:00	GrantTask	ExtractSeed01.extract-seed-01	ExtractSeed01.extract-seed-01; GrantId=grant-1; Attempt=1
2026-06-03T18:57:18.7527323+00:00	GrantTask	ExtractSeed02.extract-seed-02	ExtractSeed02.extract-seed-02; GrantId=grant-2; Attempt=1
2026-06-03T18:57:18.7530835+00:00	GrantTask	ExtractSeed03.extract-seed-03	ExtractSeed03.extract-seed-03; GrantId=grant-3; Attempt=1
2026-06-03T18:57:18.7534223+00:00	GrantTask	ExtractSeed04.extract-seed-04	ExtractSeed04.extract-seed-04; GrantId=grant-4; Attempt=1
2026-06-03T18:57:18.7538095+00:00	WorkerStarting	ExtractSeed08	meta-pipeline
2026-06-03T18:57:19.7369860+00:00	WorkerStarted	ExtractSeed08	3572
2026-06-03T18:57:19.7399255+00:00	WorkerControlPipe	ExtractSeed08	meta-orchestration-f70d1f9cf856489d92f75c16b2d15df5
2026-06-03T18:57:19.7410038+00:00	WorkerLog	ExtractSeed08	stdout=C:\Users\jimmy\Desktop\meta-bi\Samples\Demos\MetaOrchestrationHairballCliIntegration\Runs\hairball-seed-20260530\RunArtifacts\runs\20260603-185716_bb82a8c45ce24311ba67a7cf001329c5\logs\ExtractSeed08-3572.stdout.log; stderr=C:\Users\jimmy\Desktop\meta-bi\Samples\Demos\MetaOrchestrationHairballCliIntegration\Runs\hairball-seed-20260530\RunArtifacts\runs\20260603-185716_bb82a8c45ce24311ba67a7cf001329c5\logs\ExtractSeed08-3572.stderr.log
2026-06-03T18:57:19.7426749+00:00	WorkerEvent	ExtractSeed01.extract-seed-01	GrantAccepted; ExitCode=0; 
2026-06-03T18:57:19.7466013+00:00	WorkerEvent	ExtractSeed02.extract-seed-02	GrantAccepted; ExitCode=0; 
2026-06-03T18:57:19.7474235+00:00	WorkerEvent	ExtractSeed03.extract-seed-03	GrantAccepted; ExitCode=0; 
2026-06-03T18:57:19.7480684+00:00	WorkerEvent	ExtractSeed04.extract-seed-04	GrantAccepted; ExitCode=0; 
2026-06-03T18:57:19.7486146+00:00	WorkerEvent	ExtractSeed07	WorkerReady; ExitCode=0; ready
2026-06-03T18:57:19.7493488+00:00	StartPipeline	ExtractSeed07	ExtractSeed07
2026-06-03T18:57:19.7500413+00:00	WorkerEvent	ExtractSeed01.extract-seed-01	TaskStarted; ExitCode=0; 
2026-06-03T18:57:19.7512356+00:00	WorkerEvent	ExtractSeed02.extract-seed-02	TaskStarted; ExitCode=0; 
2026-06-03T18:57:19.7519641+00:00	WorkerEvent	ExtractSeed03.extract-seed-03	TaskStarted; ExitCode=0; 
2026-06-03T18:57:19.7525441+00:00	WorkerEvent	ExtractSeed04.extract-seed-04	TaskStarted; ExitCode=0; 
2026-06-03T18:57:19.7532067+00:00	WorkerEvent	ExtractSeed05	PipelineStarted; ExitCode=0; pipeline started
2026-06-03T18:57:19.7541393+00:00	WorkerEvent	ExtractSeed06	PipelineStarted; ExitCode=0; pipeline started
2026-06-03T18:57:19.7548414+00:00	WorkerEvent	ExtractSeed08	WorkerOnline; ExitCode=0; online
2026-06-03T18:57:19.7575002+00:00	WorkerStarting	AuditHairball	meta-pipeline
2026-06-03T18:57:20.1035821+00:00	WorkerStarted	AuditHairball	17052
2026-06-03T18:57:20.1041134+00:00	WorkerControlPipe	AuditHairball	meta-orchestration-cd19418043e94265ac4095b07eb0e14f
2026-06-03T18:57:20.1044075+00:00	WorkerLog	AuditHairball	stdout=C:\Users\jimmy\Desktop\meta-bi\Samples\Demos\MetaOrchestrationHairballCliIntegration\Runs\hairball-seed-20260530\RunArtifacts\runs\20260603-185716_bb82a8c45ce24311ba67a7cf001329c5\logs\AuditHairball-17052.stdout.log; stderr=C:\Users\jimmy\Desktop\meta-bi\Samples\Demos\MetaOrchestrationHairballCliIntegration\Runs\hairball-seed-20260530\RunArtifacts\runs\20260603-185716_bb82a8c45ce24311ba67a7cf001329c5\logs\AuditHairball-17052.stderr.log
2026-06-03T18:57:20.1049134+00:00	WorkerEvent	ExtractSeed05.extract-seed-05	TaskReady; ExitCode=0; 
2026-06-03T18:57:20.1066642+00:00	WorkerEvent	ExtractSeed06.extract-seed-06	TaskReady; ExitCode=0; 
2026-06-03T18:57:20.1075272+00:00	WorkerEvent	ExtractSeed08	WorkerReady; ExitCode=0; ready
2026-06-03T18:57:20.1099440+00:00	StartPipeline	ExtractSeed08	ExtractSeed08
2026-06-03T18:57:20.1107973+00:00	WorkerEvent	ExtractSeed01.extract-seed-01	TaskSucceeded; ExitCode=0; 
2026-06-03T18:57:20.1152622+00:00	TaskSucceeded	ExtractSeed01.extract-seed-01	0
2026-06-03T18:57:20.1157343+00:00	WorkerEvent	ExtractSeed03.extract-seed-03	TaskSucceeded; ExitCode=0; 
2026-06-03T18:57:20.1164706+00:00	TaskSucceeded	ExtractSeed03.extract-seed-03	0
2026-06-03T18:57:20.1170875+00:00	WorkerEvent	AuditHairball	WorkerOnline; ExitCode=0; online
2026-06-03T18:57:20.1190777+00:00	WorkerProcessExited	ExtractSeed01	ExitCode=0; worker process exited
2026-06-03T18:57:20.1259074+00:00	PipelineCompleted	ExtractSeed01	
2026-06-03T18:57:20.1267025+00:00	WorkerEvent	ExtractSeed02.extract-seed-02	TaskSucceeded; ExitCode=0; 
2026-06-03T18:57:20.1273492+00:00	TaskSucceeded	ExtractSeed02.extract-seed-02	0
2026-06-03T18:57:20.1277292+00:00	WorkerEvent	AuditHairball	WorkerReady; ExitCode=0; ready
2026-06-03T18:57:20.1284410+00:00	StartPipeline	AuditHairball	AuditHairball
2026-06-03T18:57:20.1293059+00:00	WorkerEvent	ExtractSeed02	Closed; ExitCode=-1; worker control channel closed
2026-06-03T18:57:20.1298811+00:00	PipelineCompleted	ExtractSeed02	
2026-06-03T18:57:20.1302778+00:00	WorkerEvent	ExtractSeed04.extract-seed-04	TaskSucceeded; ExitCode=0; 
2026-06-03T18:57:20.1308091+00:00	TaskSucceeded	ExtractSeed04.extract-seed-04	0
2026-06-03T18:57:20.1312467+00:00	WorkerProcessExited	ExtractSeed03	ExitCode=0; worker process exited
2026-06-03T18:57:20.1321519+00:00	PipelineCompleted	ExtractSeed03	
2026-06-03T18:57:20.1340342+00:00	GrantTask	ExtractSeed05.extract-seed-05	ExtractSeed05.extract-seed-05; GrantId=grant-5; Attempt=1
2026-06-03T18:57:20.1346774+00:00	GrantTask	ExtractSeed06.extract-seed-06	ExtractSeed06.extract-seed-06; GrantId=grant-6; Attempt=1
2026-06-03T18:57:20.1351569+00:00	WorkerStarting	BridgeL01L02	meta-pipeline
2026-06-03T18:57:20.2350745+00:00	WorkerStarted	BridgeL01L02	26504
2026-06-03T18:57:20.2354955+00:00	WorkerControlPipe	BridgeL01L02	meta-orchestration-e924c7f4de8541099c237a75f2492670
2026-06-03T18:57:20.2358063+00:00	WorkerLog	BridgeL01L02	stdout=C:\Users\jimmy\Desktop\meta-bi\Samples\Demos\MetaOrchestrationHairballCliIntegration\Runs\hairball-seed-20260530\RunArtifacts\runs\20260603-185716_bb82a8c45ce24311ba67a7cf001329c5\logs\BridgeL01L02-26504.stdout.log; stderr=C:\Users\jimmy\Desktop\meta-bi\Samples\Demos\MetaOrchestrationHairballCliIntegration\Runs\hairball-seed-20260530\RunArtifacts\runs\20260603-185716_bb82a8c45ce24311ba67a7cf001329c5\logs\BridgeL01L02-26504.stderr.log
2026-06-03T18:57:20.2362427+00:00	WorkerEvent	ExtractSeed04	Closed; ExitCode=-1; worker control channel closed
2026-06-03T18:57:20.2365860+00:00	WorkerProcessExited	ExtractSeed04	ExitCode=0; worker control channel closed
2026-06-03T18:57:20.2374591+00:00	PipelineCompleted	ExtractSeed04	
2026-06-03T18:57:20.2379732+00:00	WorkerEvent	ExtractSeed05.extract-seed-05	GrantAccepted; ExitCode=0; 
2026-06-03T18:57:20.2386444+00:00	WorkerEvent	ExtractSeed06.extract-seed-06	GrantAccepted; ExitCode=0; 
2026-06-03T18:57:20.2392895+00:00	WorkerEvent	ExtractSeed05.extract-seed-05	TaskStarted; ExitCode=0; 
2026-06-03T18:57:20.2397760+00:00	WorkerEvent	ExtractSeed06.extract-seed-06	TaskStarted; ExitCode=0; 
2026-06-03T18:57:20.2404953+00:00	WorkerProcessExited	ExtractSeed02	ExitCode=0; worker process exited
2026-06-03T18:57:20.2422878+00:00	WorkerStarting	BridgeL03L04	meta-pipeline
2026-06-03T18:57:20.3476239+00:00	WorkerStarted	BridgeL03L04	21080
2026-06-03T18:57:20.3479983+00:00	WorkerControlPipe	BridgeL03L04	meta-orchestration-b6d1da36b40645af806e2be4f653748c
2026-06-03T18:57:20.3484003+00:00	WorkerLog	BridgeL03L04	stdout=C:\Users\jimmy\Desktop\meta-bi\Samples\Demos\MetaOrchestrationHairballCliIntegration\Runs\hairball-seed-20260530\RunArtifacts\runs\20260603-185716_bb82a8c45ce24311ba67a7cf001329c5\logs\BridgeL03L04-21080.stdout.log; stderr=C:\Users\jimmy\Desktop\meta-bi\Samples\Demos\MetaOrchestrationHairballCliIntegration\Runs\hairball-seed-20260530\RunArtifacts\runs\20260603-185716_bb82a8c45ce24311ba67a7cf001329c5\logs\BridgeL03L04-21080.stderr.log
2026-06-03T18:57:20.3489925+00:00	WorkerEvent	BridgeL01L02	WorkerOnline; ExitCode=0; online
2026-06-03T18:57:20.3498084+00:00	WorkerEvent	ExtractSeed07	PipelineStarted; ExitCode=0; pipeline started
2026-06-03T18:57:20.3518772+00:00	WorkerStarting	BridgeL05L06	meta-pipeline
2026-06-03T18:57:20.7042217+00:00	WorkerStarted	BridgeL05L06	31656
2026-06-03T18:57:20.7047033+00:00	WorkerControlPipe	BridgeL05L06	meta-orchestration-48890edeb022472bb04f3d9392b13550
2026-06-03T18:57:20.7050134+00:00	WorkerLog	BridgeL05L06	stdout=C:\Users\jimmy\Desktop\meta-bi\Samples\Demos\MetaOrchestrationHairballCliIntegration\Runs\hairball-seed-20260530\RunArtifacts\runs\20260603-185716_bb82a8c45ce24311ba67a7cf001329c5\logs\BridgeL05L06-31656.stdout.log; stderr=C:\Users\jimmy\Desktop\meta-bi\Samples\Demos\MetaOrchestrationHairballCliIntegration\Runs\hairball-seed-20260530\RunArtifacts\runs\20260603-185716_bb82a8c45ce24311ba67a7cf001329c5\logs\BridgeL05L06-31656.stderr.log
2026-06-03T18:57:20.7056015+00:00	WorkerEvent	BridgeL01L02	WorkerReady; ExitCode=0; ready
2026-06-03T18:57:20.7066480+00:00	StartPipeline	BridgeL01L02	BridgeL01L02
2026-06-03T18:57:20.7073513+00:00	WorkerEvent	BridgeL05L06	WorkerOnline; ExitCode=0; online
2026-06-03T18:57:20.7079217+00:00	WorkerEvent	BridgeL03L04	WorkerOnline; ExitCode=0; online
2026-06-03T18:57:20.7085382+00:00	WorkerEvent	ExtractSeed05.extract-seed-05	TaskSucceeded; ExitCode=0; 
2026-06-03T18:57:20.7092378+00:00	TaskSucceeded	ExtractSeed05.extract-seed-05	0
2026-06-03T18:57:20.7097701+00:00	WorkerEvent	ExtractSeed06.extract-seed-06	TaskSucceeded; ExitCode=0; 
2026-06-03T18:57:20.7104653+00:00	TaskSucceeded	ExtractSeed06.extract-seed-06	0
2026-06-03T18:57:20.7108254+00:00	WorkerEvent	ExtractSeed07.extract-seed-07	TaskReady; ExitCode=0; 
2026-06-03T18:57:20.7112743+00:00	WorkerEvent	AuditHairball	PipelineStarted; ExitCode=0; pipeline started
2026-06-03T18:57:20.7117272+00:00	WorkerProcessExited	ExtractSeed05	ExitCode=0; worker process exited
2026-06-03T18:57:20.7124079+00:00	PipelineCompleted	ExtractSeed05	
2026-06-03T18:57:20.7146002+00:00	GrantTask	ExtractSeed07.extract-seed-07	ExtractSeed07.extract-seed-07; GrantId=grant-7; Attempt=1
2026-06-03T18:57:20.7150356+00:00	WorkerStarting	BridgeL07L08	meta-pipeline
2026-06-03T18:57:20.8002165+00:00	WorkerStarted	BridgeL07L08	9020
2026-06-03T18:57:20.8005100+00:00	WorkerControlPipe	BridgeL07L08	meta-orchestration-33a473036751410c980905baec50aa0f
2026-06-03T18:57:20.8007416+00:00	WorkerLog	BridgeL07L08	stdout=C:\Users\jimmy\Desktop\meta-bi\Samples\Demos\MetaOrchestrationHairballCliIntegration\Runs\hairball-seed-20260530\RunArtifacts\runs\20260603-185716_bb82a8c45ce24311ba67a7cf001329c5\logs\BridgeL07L08-9020.stdout.log; stderr=C:\Users\jimmy\Desktop\meta-bi\Samples\Demos\MetaOrchestrationHairballCliIntegration\Runs\hairball-seed-20260530\RunArtifacts\runs\20260603-185716_bb82a8c45ce24311ba67a7cf001329c5\logs\BridgeL07L08-9020.stderr.log
2026-06-03T18:57:20.8011415+00:00	WorkerEvent	BridgeL05L06	WorkerReady; ExitCode=0; ready
2026-06-03T18:57:20.8019442+00:00	StartPipeline	BridgeL05L06	BridgeL05L06
2026-06-03T18:57:20.8024735+00:00	WorkerEvent	BridgeL03L04	WorkerReady; ExitCode=0; ready
2026-06-03T18:57:20.8029825+00:00	StartPipeline	BridgeL03L04	BridgeL03L04
2026-06-03T18:57:20.8036301+00:00	WorkerEvent	ExtractSeed07.extract-seed-07	GrantAccepted; ExitCode=0; 
2026-06-03T18:57:20.8043336+00:00	WorkerEvent	ExtractSeed08	PipelineStarted; ExitCode=0; pipeline started
2026-06-03T18:57:20.8049353+00:00	WorkerEvent	AuditHairball.audit-hairball	TaskReady; ExitCode=0; 
2026-06-03T18:57:20.8054594+00:00	WorkerProcessExited	ExtractSeed06	ExitCode=0; worker process exited
2026-06-03T18:57:20.8059081+00:00	PipelineCompleted	ExtractSeed06	
2026-06-03T18:57:20.8079850+00:00	WorkerStarting	CompositeMart	meta-pipeline
2026-06-03T18:57:21.7799900+00:00	WorkerStarted	CompositeMart	24292
2026-06-03T18:57:21.7814415+00:00	WorkerControlPipe	CompositeMart	meta-orchestration-6e3ba3f3ba214f89ad70463cac2f49e2
2026-06-03T18:57:21.7823917+00:00	WorkerLog	CompositeMart	stdout=C:\Users\jimmy\Desktop\meta-bi\Samples\Demos\MetaOrchestrationHairballCliIntegration\Runs\hairball-seed-20260530\RunArtifacts\runs\20260603-185716_bb82a8c45ce24311ba67a7cf001329c5\logs\CompositeMart-24292.stdout.log; stderr=C:\Users\jimmy\Desktop\meta-bi\Samples\Demos\MetaOrchestrationHairballCliIntegration\Runs\hairball-seed-20260530\RunArtifacts\runs\20260603-185716_bb82a8c45ce24311ba67a7cf001329c5\logs\CompositeMart-24292.stderr.log
2026-06-03T18:57:21.7834764+00:00	WorkerEvent	BridgeL07L08	WorkerOnline; ExitCode=0; online
2026-06-03T18:57:21.7857660+00:00	WorkerEvent	ExtractSeed07.extract-seed-07	TaskStarted; ExitCode=0; 
2026-06-03T18:57:21.7876717+00:00	WorkerEvent	ExtractSeed08.extract-seed-08	TaskReady; ExitCode=0; 
2026-06-03T18:57:21.7938127+00:00	GrantTask	ExtractSeed08.extract-seed-08	ExtractSeed08.extract-seed-08; GrantId=grant-8; Attempt=1
2026-06-03T18:57:21.7960025+00:00	WorkerStarting	Layer01Hub	meta-pipeline
2026-06-03T18:57:22.7973526+00:00	WorkerStarted	Layer01Hub	28316
2026-06-03T18:57:22.7979221+00:00	WorkerControlPipe	Layer01Hub	meta-orchestration-6b53dccbb125425c96fef7a4349c2e03
2026-06-03T18:57:22.7984300+00:00	WorkerLog	Layer01Hub	stdout=C:\Users\jimmy\Desktop\meta-bi\Samples\Demos\MetaOrchestrationHairballCliIntegration\Runs\hairball-seed-20260530\RunArtifacts\runs\20260603-185716_bb82a8c45ce24311ba67a7cf001329c5\logs\Layer01Hub-28316.stdout.log; stderr=C:\Users\jimmy\Desktop\meta-bi\Samples\Demos\MetaOrchestrationHairballCliIntegration\Runs\hairball-seed-20260530\RunArtifacts\runs\20260603-185716_bb82a8c45ce24311ba67a7cf001329c5\logs\Layer01Hub-28316.stderr.log
2026-06-03T18:57:22.7989169+00:00	WorkerEvent	BridgeL01L02	PipelineStarted; ExitCode=0; pipeline started
2026-06-03T18:57:22.7998423+00:00	WorkerEvent	BridgeL05L06	PipelineStarted; ExitCode=0; pipeline started
2026-06-03T18:57:22.8006066+00:00	WorkerEvent	BridgeL03L04	PipelineStarted; ExitCode=0; pipeline started
2026-06-03T18:57:22.8012991+00:00	WorkerEvent	CompositeMart	WorkerOnline; ExitCode=0; online
2026-06-03T18:57:22.8021102+00:00	WorkerEvent	BridgeL07L08	WorkerReady; ExitCode=0; ready
2026-06-03T18:57:22.8030246+00:00	StartPipeline	BridgeL07L08	BridgeL07L08
2026-06-03T18:57:22.8037047+00:00	WorkerEvent	Layer01Hub	WorkerOnline; ExitCode=0; online
2026-06-03T18:57:22.8043349+00:00	WorkerEvent	BridgeL01L02.bridge-l01-l02-collect	TaskReady; ExitCode=0; 
2026-06-03T18:57:22.8050832+00:00	WorkerEvent	BridgeL05L06.bridge-l05-l06-collect	TaskReady; ExitCode=0; 
2026-06-03T18:57:22.8058982+00:00	WorkerEvent	BridgeL03L04.bridge-l03-l04-collect	TaskReady; ExitCode=0; 
2026-06-03T18:57:22.8068010+00:00	WorkerEvent	CompositeMart	WorkerReady; ExitCode=0; ready
2026-06-03T18:57:22.8077048+00:00	StartPipeline	CompositeMart	CompositeMart
2026-06-03T18:57:22.8083260+00:00	WorkerEvent	Layer01Hub	WorkerReady; ExitCode=0; ready
2026-06-03T18:57:22.8091699+00:00	StartPipeline	Layer01Hub	Layer01Hub
2026-06-03T18:57:22.8096994+00:00	WorkerEvent	ExtractSeed07.extract-seed-07	TaskSucceeded; ExitCode=0; 
2026-06-03T18:57:22.8103134+00:00	TaskSucceeded	ExtractSeed07.extract-seed-07	0
2026-06-03T18:57:22.8106987+00:00	WorkerEvent	ExtractSeed08.extract-seed-08	GrantAccepted; ExitCode=0; 
2026-06-03T18:57:22.8112892+00:00	WorkerProcessExited	ExtractSeed07	ExitCode=0; worker process exited
2026-06-03T18:57:22.8118017+00:00	PipelineCompleted	ExtractSeed07	
2026-06-03T18:57:22.8129836+00:00	WorkerStarting	Layer01Node06	meta-pipeline
2026-06-03T18:57:23.8127017+00:00	WorkerStarted	Layer01Node06	10144
2026-06-03T18:57:23.8131367+00:00	WorkerControlPipe	Layer01Node06	meta-orchestration-2e2cf0eedbcb4948a3a73d91dfd9cbb5
2026-06-03T18:57:23.8134844+00:00	WorkerLog	Layer01Node06	stdout=C:\Users\jimmy\Desktop\meta-bi\Samples\Demos\MetaOrchestrationHairballCliIntegration\Runs\hairball-seed-20260530\RunArtifacts\runs\20260603-185716_bb82a8c45ce24311ba67a7cf001329c5\logs\Layer01Node06-10144.stdout.log; stderr=C:\Users\jimmy\Desktop\meta-bi\Samples\Demos\MetaOrchestrationHairballCliIntegration\Runs\hairball-seed-20260530\RunArtifacts\runs\20260603-185716_bb82a8c45ce24311ba67a7cf001329c5\logs\Layer01Node06-10144.stderr.log
2026-06-03T18:57:23.8138931+00:00	WorkerEvent	ExtractSeed08.extract-seed-08	TaskStarted; ExitCode=0; 
2026-06-03T18:57:23.8160198+00:00	WorkerStarting	Layer01Node01	meta-pipeline
2026-06-03T18:57:24.8404223+00:00	WorkerStarted	Layer01Node01	3784
2026-06-03T18:57:24.8407562+00:00	WorkerControlPipe	Layer01Node01	meta-orchestration-b26cca42d33a4a62baeb0f6bc714c144
2026-06-03T18:57:24.8411950+00:00	WorkerLog	Layer01Node01	stdout=C:\Users\jimmy\Desktop\meta-bi\Samples\Demos\MetaOrchestrationHairballCliIntegration\Runs\hairball-seed-20260530\RunArtifacts\runs\20260603-185716_bb82a8c45ce24311ba67a7cf001329c5\logs\Layer01Node01-3784.stdout.log; stderr=C:\Users\jimmy\Desktop\meta-bi\Samples\Demos\MetaOrchestrationHairballCliIntegration\Runs\hairball-seed-20260530\RunArtifacts\runs\20260603-185716_bb82a8c45ce24311ba67a7cf001329c5\logs\Layer01Node01-3784.stderr.log
2026-06-03T18:57:24.8415848+00:00	WorkerEvent	Layer01Hub	PipelineStarted; ExitCode=0; pipeline started
2026-06-03T18:57:24.8425336+00:00	WorkerEvent	CompositeMart	PipelineStarted; ExitCode=0; pipeline started
2026-06-03T18:57:24.8433629+00:00	WorkerEvent	BridgeL07L08	PipelineStarted; ExitCode=0; pipeline started
2026-06-03T18:57:24.8441030+00:00	WorkerEvent	Layer01Node06	WorkerOnline; ExitCode=0; online
2026-06-03T18:57:24.8448708+00:00	WorkerEvent	ExtractSeed08.extract-seed-08	TaskSucceeded; ExitCode=0; 
2026-06-03T18:57:24.8454021+00:00	TaskSucceeded	ExtractSeed08.extract-seed-08	0
2026-06-03T18:57:24.8457850+00:00	WorkerProcessExited	ExtractSeed08	ExitCode=0; worker process exited
2026-06-03T18:57:24.8463699+00:00	PipelineCompleted	ExtractSeed08	
2026-06-03T18:57:24.8468976+00:00	WorkerStarting	Layer01Node07	meta-pipeline
2026-06-03T18:57:25.8601046+00:00	WorkerStarted	Layer01Node07	25252
2026-06-03T18:57:25.8612792+00:00	WorkerControlPipe	Layer01Node07	meta-orchestration-49c82a08d41d447c9cdc99e91bc7a55e
2026-06-03T18:57:25.8620599+00:00	WorkerLog	Layer01Node07	stdout=C:\Users\jimmy\Desktop\meta-bi\Samples\Demos\MetaOrchestrationHairballCliIntegration\Runs\hairball-seed-20260530\RunArtifacts\runs\20260603-185716_bb82a8c45ce24311ba67a7cf001329c5\logs\Layer01Node07-25252.stdout.log; stderr=C:\Users\jimmy\Desktop\meta-bi\Samples\Demos\MetaOrchestrationHairballCliIntegration\Runs\hairball-seed-20260530\RunArtifacts\runs\20260603-185716_bb82a8c45ce24311ba67a7cf001329c5\logs\Layer01Node07-25252.stderr.log
2026-06-03T18:57:25.8630798+00:00	WorkerEvent	Layer01Hub.hub-l01-stage	TaskReady; ExitCode=0; 
2026-06-03T18:57:25.8647335+00:00	WorkerEvent	CompositeMart.composite-stage	TaskReady; ExitCode=0; 
2026-06-03T18:57:25.8662639+00:00	WorkerEvent	BridgeL07L08.bridge-l07-l08-collect	TaskReady; ExitCode=0; 
2026-06-03T18:57:25.8669546+00:00	WorkerEvent	Layer01Node06	WorkerReady; ExitCode=0; ready
2026-06-03T18:57:25.8674949+00:00	StartPipeline	Layer01Node06	Layer01Node06
2026-06-03T18:57:25.8679773+00:00	WorkerEvent	Layer01Node07	WorkerOnline; ExitCode=0; online
2026-06-03T18:57:25.8686627+00:00	WorkerEvent	Layer01Node01	WorkerOnline; ExitCode=0; online
2026-06-03T18:57:25.8696835+00:00	WorkerStarting	Layer03Node09	meta-pipeline
2026-06-03T18:57:26.8887413+00:00	WorkerStarted	Layer03Node09	14500
2026-06-03T18:57:26.8892948+00:00	WorkerControlPipe	Layer03Node09	meta-orchestration-b9eaef17adf34b3ea74d16021a5c0db2
2026-06-03T18:57:26.8896530+00:00	WorkerLog	Layer03Node09	stdout=C:\Users\jimmy\Desktop\meta-bi\Samples\Demos\MetaOrchestrationHairballCliIntegration\Runs\hairball-seed-20260530\RunArtifacts\runs\20260603-185716_bb82a8c45ce24311ba67a7cf001329c5\logs\Layer03Node09-14500.stdout.log; stderr=C:\Users\jimmy\Desktop\meta-bi\Samples\Demos\MetaOrchestrationHairballCliIntegration\Runs\hairball-seed-20260530\RunArtifacts\runs\20260603-185716_bb82a8c45ce24311ba67a7cf001329c5\logs\Layer03Node09-14500.stderr.log
2026-06-03T18:57:26.8901299+00:00	WorkerEvent	Layer01Node07	WorkerReady; ExitCode=0; ready
2026-06-03T18:57:26.8910709+00:00	StartPipeline	Layer01Node07	Layer01Node07
2026-06-03T18:57:26.8921022+00:00	WorkerEvent	Layer01Node06	PipelineStarted; ExitCode=0; pipeline started
2026-06-03T18:57:26.8927417+00:00	WorkerEvent	Layer01Node01	WorkerReady; ExitCode=0; ready
2026-06-03T18:57:26.8935356+00:00	StartPipeline	Layer01Node01	Layer01Node01
2026-06-03T18:57:26.8941564+00:00	WorkerEvent	Layer01Node06.refresh-l01-n06	TaskReady; ExitCode=0; 
2026-06-03T18:57:26.8947318+00:00	WorkerEvent	Layer03Node09	WorkerOnline; ExitCode=0; online
2026-06-03T18:57:26.8967770+00:00	GrantTask	Layer01Node06.refresh-l01-n06	Layer01Node06.refresh-l01-n06; GrantId=grant-9; Attempt=1
2026-06-03T18:57:26.8971995+00:00	WorkerStarting	Layer01Node02	meta-pipeline
2026-06-03T18:57:27.8898948+00:00	WorkerStarted	Layer01Node02	31280
2026-06-03T18:57:27.8903802+00:00	WorkerControlPipe	Layer01Node02	meta-orchestration-3e458720f8814e0698afd17a17ced22a
2026-06-03T18:57:27.8908038+00:00	WorkerLog	Layer01Node02	stdout=C:\Users\jimmy\Desktop\meta-bi\Samples\Demos\MetaOrchestrationHairballCliIntegration\Runs\hairball-seed-20260530\RunArtifacts\runs\20260603-185716_bb82a8c45ce24311ba67a7cf001329c5\logs\Layer01Node02-31280.stdout.log; stderr=C:\Users\jimmy\Desktop\meta-bi\Samples\Demos\MetaOrchestrationHairballCliIntegration\Runs\hairball-seed-20260530\RunArtifacts\runs\20260603-185716_bb82a8c45ce24311ba67a7cf001329c5\logs\Layer01Node02-31280.stderr.log
2026-06-03T18:57:27.8912237+00:00	WorkerEvent	Layer01Node06.refresh-l01-n06	GrantAccepted; ExitCode=0; 
2026-06-03T18:57:27.8918754+00:00	WorkerEvent	Layer03Node09	WorkerReady; ExitCode=0; ready
2026-06-03T18:57:27.8929979+00:00	StartPipeline	Layer03Node09	Layer03Node09
2026-06-03T18:57:27.8937868+00:00	WorkerEvent	Layer01Node06.refresh-l01-n06	TaskStarted; ExitCode=0; 
2026-06-03T18:57:27.8944069+00:00	WorkerEvent	Layer01Node07	PipelineStarted; ExitCode=0; pipeline started
2026-06-03T18:57:27.8949203+00:00	WorkerEvent	Layer01Node01	PipelineStarted; ExitCode=0; pipeline started
2026-06-03T18:57:27.8955196+00:00	WorkerEvent	Layer01Node02	WorkerOnline; ExitCode=0; online
2026-06-03T18:57:27.9028819+00:00	WorkerEvent	Layer01Node07.refresh-l01-n07	TaskReady; ExitCode=0; 
2026-06-03T18:57:27.9055466+00:00	GrantTask	Layer01Node07.refresh-l01-n07	Layer01Node07.refresh-l01-n07; GrantId=grant-10; Attempt=1
2026-06-03T18:57:27.9060124+00:00	WorkerEvent	Layer01Node01.export-l01-n01	TaskReady; ExitCode=0; 
2026-06-03T18:57:27.9069241+00:00	WorkerEvent	Layer01Node02	WorkerReady; ExitCode=0; ready
2026-06-03T18:57:27.9080526+00:00	StartPipeline	Layer01Node02	Layer01Node02
2026-06-03T18:57:27.9097719+00:00	WorkerEvent	Layer01Node07.refresh-l01-n07	GrantAccepted; ExitCode=0; 
2026-06-03T18:57:27.9130809+00:00	GrantTask	Layer01Node01.export-l01-n01	Layer01Node01.export-l01-n01; GrantId=grant-11; Attempt=1
2026-06-03T18:57:27.9135747+00:00	WorkerEvent	Layer01Node07.refresh-l01-n07	TaskStarted; ExitCode=0; 
2026-06-03T18:57:27.9159057+00:00	WorkerEvent	Layer01Node01.export-l01-n01	GrantAccepted; ExitCode=0; 
2026-06-03T18:57:27.9191878+00:00	WorkerEvent	Layer01Node01.export-l01-n01	TaskStarted; ExitCode=0; 
2026-06-03T18:57:28.2761944+00:00	WorkerEvent	Layer01Node06.refresh-l01-n06	TaskSucceeded; ExitCode=0; 
2026-06-03T18:57:28.2771326+00:00	TaskSucceeded	Layer01Node06.refresh-l01-n06	0
2026-06-03T18:57:28.2793040+00:00	WorkerDeferredForCapacity	AuditHairball	Deferred by orchestration to honor max active worker process capacity.
2026-06-03T18:57:28.2799047+00:00	StopPipeline	AuditHairball	Deferred by orchestration to honor max active worker process capacity.
2026-06-03T18:57:28.2809768+00:00	WorkerProcessExited	Layer01Node06	ExitCode=0; worker process exited
2026-06-03T18:57:28.2820060+00:00	PipelineCompleted	Layer01Node06	
2026-06-03T18:57:28.2829977+00:00	WorkerStarting	Layer02Node03	meta-pipeline
2026-06-03T18:57:28.3722807+00:00	WorkerStarted	Layer02Node03	27536
2026-06-03T18:57:28.3725864+00:00	WorkerControlPipe	Layer02Node03	meta-orchestration-dba4c3312d8c4ec99d752f25fa4d4dd0
2026-06-03T18:57:28.3728362+00:00	WorkerLog	Layer02Node03	stdout=C:\Users\jimmy\Desktop\meta-bi\Samples\Demos\MetaOrchestrationHairballCliIntegration\Runs\hairball-seed-20260530\RunArtifacts\runs\20260603-185716_bb82a8c45ce24311ba67a7cf001329c5\logs\Layer02Node03-27536.stdout.log; stderr=C:\Users\jimmy\Desktop\meta-bi\Samples\Demos\MetaOrchestrationHairballCliIntegration\Runs\hairball-seed-20260530\RunArtifacts\runs\20260603-185716_bb82a8c45ce24311ba67a7cf001329c5\logs\Layer02Node03-27536.stderr.log
2026-06-03T18:57:28.3731460+00:00	WorkerEvent	Layer01Node07.refresh-l01-n07	TaskSucceeded; ExitCode=0; 
2026-06-03T18:57:28.3739489+00:00	TaskSucceeded	Layer01Node07.refresh-l01-n07	0
2026-06-03T18:57:28.3746039+00:00	WorkerEvent	AuditHairball	Closed; ExitCode=0; worker control channel closed
2026-06-03T18:57:28.3750466+00:00	WorkerProcessExited	AuditHairball	ExitCode=0; worker control channel closed
2026-06-03T18:57:28.3765315+00:00	WorkerDeferred	AuditHairball	ResumeTaskId=AuditHairball.audit-hairball
2026-06-03T18:57:28.3769862+00:00	WorkerProcessExited	Layer01Node07	ExitCode=0; worker process exited
2026-06-03T18:57:28.3778287+00:00	PipelineCompleted	Layer01Node07	
2026-06-03T18:57:28.3799264+00:00	WorkerResuming	AuditHairball	ResumeTaskId=AuditHairball.audit-hairball; Executable=meta-pipeline
2026-06-03T18:57:28.4654967+00:00	WorkerStarted	AuditHairball	29236
2026-06-03T18:57:28.4658281+00:00	WorkerControlPipe	AuditHairball	meta-orchestration-210f9241fcfa4023be29f9b7d63ea45a
2026-06-03T18:57:28.4661245+00:00	WorkerLog	AuditHairball	stdout=C:\Users\jimmy\Desktop\meta-bi\Samples\Demos\MetaOrchestrationHairballCliIntegration\Runs\hairball-seed-20260530\RunArtifacts\runs\20260603-185716_bb82a8c45ce24311ba67a7cf001329c5\logs\AuditHairball-29236.stdout.log; stderr=C:\Users\jimmy\Desktop\meta-bi\Samples\Demos\MetaOrchestrationHairballCliIntegration\Runs\hairball-seed-20260530\RunArtifacts\runs\20260603-185716_bb82a8c45ce24311ba67a7cf001329c5\logs\AuditHairball-29236.stderr.log
2026-06-03T18:57:28.4664923+00:00	WorkerEvent	Layer02Node03	WorkerOnline; ExitCode=0; online
2026-06-03T18:57:28.4673459+00:00	WorkerEvent	Layer01Node01.export-l01-n01	TaskSucceeded; ExitCode=0; 
2026-06-03T18:57:28.4682188+00:00	TaskSucceeded	Layer01Node01.export-l01-n01	0
2026-06-03T18:57:28.4686060+00:00	WorkerEvent	Layer02Node03	WorkerReady; ExitCode=0; ready
2026-06-03T18:57:28.4711118+00:00	StartPipeline	Layer02Node03	Layer02Node03
2026-06-03T18:57:28.4721058+00:00	WorkerEvent	Layer03Node09	PipelineStarted; ExitCode=0; pipeline started
2026-06-03T18:57:28.4727663+00:00	WorkerProcessExited	Layer01Node01	ExitCode=0; worker process exited
2026-06-03T18:57:28.4732753+00:00	PipelineCompleted	Layer01Node01	
2026-06-03T18:57:28.4736395+00:00	WorkerEvent	Layer03Node09.refresh-l03-n09	TaskReady; ExitCode=0; 
2026-06-03T18:57:28.4752457+00:00	GrantTask	Layer03Node09.refresh-l03-n09	Layer03Node09.refresh-l03-n09; GrantId=grant-12; Attempt=1
2026-06-03T18:57:28.4755943+00:00	WorkerStarting	Layer01Node04	meta-pipeline
2026-06-03T18:57:28.5597394+00:00	WorkerStarted	Layer01Node04	25792
2026-06-03T18:57:28.5600650+00:00	WorkerControlPipe	Layer01Node04	meta-orchestration-00d6674b5e2e4a87aaa2a0d384ff42b7
2026-06-03T18:57:28.5604186+00:00	WorkerLog	Layer01Node04	stdout=C:\Users\jimmy\Desktop\meta-bi\Samples\Demos\MetaOrchestrationHairballCliIntegration\Runs\hairball-seed-20260530\RunArtifacts\runs\20260603-185716_bb82a8c45ce24311ba67a7cf001329c5\logs\Layer01Node04-25792.stdout.log; stderr=C:\Users\jimmy\Desktop\meta-bi\Samples\Demos\MetaOrchestrationHairballCliIntegration\Runs\hairball-seed-20260530\RunArtifacts\runs\20260603-185716_bb82a8c45ce24311ba67a7cf001329c5\logs\Layer01Node04-25792.stderr.log
2026-06-03T18:57:28.5607783+00:00	WorkerEvent	AuditHairball	WorkerOnline; ExitCode=0; online
2026-06-03T18:57:28.5614230+00:00	WorkerEvent	Layer03Node09.refresh-l03-n09	GrantAccepted; ExitCode=0; 
2026-06-03T18:57:28.5622222+00:00	WorkerEvent	Layer01Node02	PipelineStarted; ExitCode=0; pipeline started
2026-06-03T18:57:28.5656285+00:00	WorkerStarting	Layer01Node03	meta-pipeline
2026-06-03T18:57:29.4191095+00:00	WorkerStarted	Layer01Node03	11416
2026-06-03T18:57:29.4196152+00:00	WorkerControlPipe	Layer01Node03	meta-orchestration-717f7e1485304b0e92cfdc06a03161cb
2026-06-03T18:57:29.4200258+00:00	WorkerLog	Layer01Node03	stdout=C:\Users\jimmy\Desktop\meta-bi\Samples\Demos\MetaOrchestrationHairballCliIntegration\Runs\hairball-seed-20260530\RunArtifacts\runs\20260603-185716_bb82a8c45ce24311ba67a7cf001329c5\logs\Layer01Node03-11416.stdout.log; stderr=C:\Users\jimmy\Desktop\meta-bi\Samples\Demos\MetaOrchestrationHairballCliIntegration\Runs\hairball-seed-20260530\RunArtifacts\runs\20260603-185716_bb82a8c45ce24311ba67a7cf001329c5\logs\Layer01Node03-11416.stderr.log
2026-06-03T18:57:29.4204229+00:00	WorkerEvent	AuditHairball	WorkerReady; ExitCode=0; ready
2026-06-03T18:57:29.4215441+00:00	StartPipeline	AuditHairball	AuditHairball
2026-06-03T18:57:29.4222233+00:00	WorkerEvent	Layer02Node03	PipelineStarted; ExitCode=0; pipeline started
2026-06-03T18:57:29.4229377+00:00	WorkerEvent	Layer01Node03	WorkerOnline; ExitCode=0; online
2026-06-03T18:57:29.4235955+00:00	WorkerEvent	Layer01Node04	WorkerOnline; ExitCode=0; online
2026-06-03T18:57:29.4243459+00:00	WorkerEvent	Layer03Node09.refresh-l03-n09	TaskStarted; ExitCode=0; 
2026-06-03T18:57:29.4250870+00:00	WorkerEvent	Layer01Node02.select-l01-n02	TaskReady; ExitCode=0; 
2026-06-03T18:57:29.4269988+00:00	GrantTask	Layer01Node02.select-l01-n02	Layer01Node02.select-l01-n02; GrantId=grant-13; Attempt=1
2026-06-03T18:57:29.4273744+00:00	WorkerEvent	Layer02Node03.select-l02-n03	TaskReady; ExitCode=0; 
2026-06-03T18:57:29.4280693+00:00	WorkerEvent	Layer01Node03	WorkerReady; ExitCode=0; ready
2026-06-03T18:57:29.4313062+00:00	StartPipeline	Layer01Node03	Layer01Node03
2026-06-03T18:57:29.4319296+00:00	WorkerEvent	Layer01Node04	WorkerReady; ExitCode=0; ready
2026-06-03T18:57:29.4325310+00:00	StartPipeline	Layer01Node04	Layer01Node04
2026-06-03T18:57:29.4332866+00:00	WorkerEvent	Layer03Node09.refresh-l03-n09	TaskSucceeded; ExitCode=0; 
2026-06-03T18:57:29.4340123+00:00	TaskSucceeded	Layer03Node09.refresh-l03-n09	0
2026-06-03T18:57:29.4344085+00:00	WorkerEvent	Layer01Node02.select-l01-n02	GrantAccepted; ExitCode=0; 
2026-06-03T18:57:29.4367766+00:00	GrantTask	Layer02Node03.select-l02-n03	Layer02Node03.select-l02-n03; GrantId=grant-14; Attempt=1
2026-06-03T18:57:29.4374119+00:00	WorkerEvent	Layer01Node02.select-l01-n02	TaskStarted; ExitCode=0; 
2026-06-03T18:57:29.4405702+00:00	WorkerEvent	Layer02Node03.select-l02-n03	GrantAccepted; ExitCode=0; 
2026-06-03T18:57:29.4466073+00:00	WorkerProcessExited	Layer03Node09	ExitCode=0; worker process exited
2026-06-03T18:57:29.4471878+00:00	PipelineCompleted	Layer03Node09	
2026-06-03T18:57:29.4476388+00:00	WorkerEvent	Layer02Node03.select-l02-n03	TaskStarted; ExitCode=0; 
2026-06-03T18:57:29.4501555+00:00	WorkerStarting	Layer01Node05	meta-pipeline
2026-06-03T18:57:29.8596885+00:00	WorkerStarted	Layer01Node05	23072
2026-06-03T18:57:29.8603217+00:00	WorkerControlPipe	Layer01Node05	meta-orchestration-9d8c899f9cae42b49c5418b41a7fa7f8
2026-06-03T18:57:29.8607160+00:00	WorkerLog	Layer01Node05	stdout=C:\Users\jimmy\Desktop\meta-bi\Samples\Demos\MetaOrchestrationHairballCliIntegration\Runs\hairball-seed-20260530\RunArtifacts\runs\20260603-185716_bb82a8c45ce24311ba67a7cf001329c5\logs\Layer01Node05-23072.stdout.log; stderr=C:\Users\jimmy\Desktop\meta-bi\Samples\Demos\MetaOrchestrationHairballCliIntegration\Runs\hairball-seed-20260530\RunArtifacts\runs\20260603-185716_bb82a8c45ce24311ba67a7cf001329c5\logs\Layer01Node05-23072.stderr.log
2026-06-03T18:57:29.8611050+00:00	WorkerEvent	Layer02Node03.select-l02-n03	TaskSucceeded; ExitCode=0; 
2026-06-03T18:57:29.8616880+00:00	TaskSucceeded	Layer02Node03.select-l02-n03	0
2026-06-03T18:57:29.8620394+00:00	WorkerEvent	Layer01Node05	WorkerOnline; ExitCode=0; online
2026-06-03T18:57:29.8628177+00:00	WorkerProcessExited	Layer02Node03	ExitCode=0; worker process exited
2026-06-03T18:57:29.8634189+00:00	PipelineCompleted	Layer02Node03	
2026-06-03T18:57:29.8637706+00:00	WorkerEvent	Layer01Node05	WorkerReady; ExitCode=0; ready
2026-06-03T18:57:29.8668786+00:00	StartPipeline	Layer01Node05	Layer01Node05
2026-06-03T18:57:29.8690920+00:00	WorkerStarting	Layer01Node08	meta-pipeline
2026-06-03T18:57:29.9886944+00:00	WorkerStarted	Layer01Node08	14596
2026-06-03T18:57:29.9890802+00:00	WorkerControlPipe	Layer01Node08	meta-orchestration-decf6d55e3304b8bacd87a5f52cf8218
2026-06-03T18:57:29.9894052+00:00	WorkerLog	Layer01Node08	stdout=C:\Users\jimmy\Desktop\meta-bi\Samples\Demos\MetaOrchestrationHairballCliIntegration\Runs\hairball-seed-20260530\RunArtifacts\runs\20260603-185716_bb82a8c45ce24311ba67a7cf001329c5\logs\Layer01Node08-14596.stdout.log; stderr=C:\Users\jimmy\Desktop\meta-bi\Samples\Demos\MetaOrchestrationHairballCliIntegration\Runs\hairball-seed-20260530\RunArtifacts\runs\20260603-185716_bb82a8c45ce24311ba67a7cf001329c5\logs\Layer01Node08-14596.stderr.log
2026-06-03T18:57:29.9898475+00:00	WorkerEvent	AuditHairball	PipelineStarted; ExitCode=0; pipeline started
2026-06-03T18:57:29.9906389+00:00	WorkerEvent	Layer01Node02.select-l01-n02	TaskSucceeded; ExitCode=0; 
2026-06-03T18:57:29.9915367+00:00	TaskSucceeded	Layer01Node02.select-l01-n02	0
2026-06-03T18:57:29.9920278+00:00	WorkerEvent	AuditHairball.audit-hairball	TaskReady; ExitCode=0; 
2026-06-03T18:57:29.9926901+00:00	WorkerProcessExited	Layer01Node02	ExitCode=0; worker process exited
2026-06-03T18:57:29.9933406+00:00	PipelineCompleted	Layer01Node02	
2026-06-03T18:57:29.9941250+00:00	WorkerStarting	Layer01Node09	meta-pipeline
2026-06-03T18:57:30.9359043+00:00	WorkerStarted	Layer01Node09	19052
2026-06-03T18:57:30.9369144+00:00	WorkerControlPipe	Layer01Node09	meta-orchestration-af5f40260ada42369b8d319fc8565821
2026-06-03T18:57:30.9374186+00:00	WorkerLog	Layer01Node09	stdout=C:\Users\jimmy\Desktop\meta-bi\Samples\Demos\MetaOrchestrationHairballCliIntegration\Runs\hairball-seed-20260530\RunArtifacts\runs\20260603-185716_bb82a8c45ce24311ba67a7cf001329c5\logs\Layer01Node09-19052.stdout.log; stderr=C:\Users\jimmy\Desktop\meta-bi\Samples\Demos\MetaOrchestrationHairballCliIntegration\Runs\hairball-seed-20260530\RunArtifacts\runs\20260603-185716_bb82a8c45ce24311ba67a7cf001329c5\logs\Layer01Node09-19052.stderr.log
2026-06-03T18:57:30.9379536+00:00	WorkerEvent	Layer01Node08	WorkerOnline; ExitCode=0; online
2026-06-03T18:57:30.9388591+00:00	WorkerEvent	Layer01Node03	PipelineStarted; ExitCode=0; pipeline started
2026-06-03T18:57:30.9396531+00:00	WorkerEvent	Layer01Node04	PipelineStarted; ExitCode=0; pipeline started
2026-06-03T18:57:30.9428634+00:00	WorkerEvent	Layer01Node05	PipelineStarted; ExitCode=0; pipeline started
2026-06-03T18:57:30.9443850+00:00	WorkerEvent	Layer01Node09	WorkerOnline; ExitCode=0; online
2026-06-03T18:57:30.9459864+00:00	WorkerEvent	Layer01Node08	WorkerReady; ExitCode=0; ready
2026-06-03T18:57:30.9468355+00:00	StartPipeline	Layer01Node08	Layer01Node08
2026-06-03T18:57:30.9475345+00:00	WorkerEvent	Layer01Node03.select-l01-n03	TaskReady; ExitCode=0; 
2026-06-03T18:57:30.9480509+00:00	WorkerEvent	Layer01Node04.export-l01-n04	TaskReady; ExitCode=0; 
2026-06-03T18:57:30.9485862+00:00	WorkerEvent	Layer01Node05.export-l01-n05	TaskReady; ExitCode=0; 
2026-06-03T18:57:30.9491120+00:00	WorkerEvent	Layer01Node09	WorkerReady; ExitCode=0; ready
2026-06-03T18:57:30.9498459+00:00	StartPipeline	Layer01Node09	Layer01Node09
2026-06-03T18:57:30.9533823+00:00	GrantTask	Layer01Node03.select-l01-n03	Layer01Node03.select-l01-n03; GrantId=grant-15; Attempt=1
2026-06-03T18:57:30.9540202+00:00	GrantTask	Layer01Node04.export-l01-n04	Layer01Node04.export-l01-n04; GrantId=grant-16; Attempt=1
2026-06-03T18:57:30.9546801+00:00	GrantTask	Layer01Node05.export-l01-n05	Layer01Node05.export-l01-n05; GrantId=grant-17; Attempt=1
2026-06-03T18:57:30.9550536+00:00	WorkerEvent	Layer01Node03.select-l01-n03	GrantAccepted; ExitCode=0; 
2026-06-03T18:57:30.9568656+00:00	WorkerEvent	Layer01Node04.export-l01-n04	GrantAccepted; ExitCode=0; 
2026-06-03T18:57:30.9592641+00:00	WorkerEvent	Layer01Node05.export-l01-n05	GrantAccepted; ExitCode=0; 
2026-06-03T18:57:30.9611129+00:00	WorkerEvent	Layer01Node03.select-l01-n03	TaskStarted; ExitCode=0; 
2026-06-03T18:57:30.9632481+00:00	WorkerEvent	Layer01Node04.export-l01-n04	TaskStarted; ExitCode=0; 
2026-06-03T18:57:30.9657638+00:00	WorkerEvent	Layer01Node05.export-l01-n05	TaskStarted; ExitCode=0; 
2026-06-03T18:57:31.3376890+00:00	WorkerEvent	Layer01Node03.select-l01-n03	TaskSucceeded; ExitCode=0; 
2026-06-03T18:57:31.3385406+00:00	TaskSucceeded	Layer01Node03.select-l01-n03	0
2026-06-03T18:57:31.3405933+00:00	WorkerEvent	Layer01Node03	Closed; ExitCode=-1; worker control channel closed
2026-06-03T18:57:31.3413503+00:00	PipelineCompleted	Layer01Node03	
2026-06-03T18:57:31.3430585+00:00	WorkerStarting	Layer02Hub	meta-pipeline
2026-06-03T18:57:31.4402074+00:00	WorkerStarted	Layer02Hub	7856
2026-06-03T18:57:31.4404973+00:00	WorkerControlPipe	Layer02Hub	meta-orchestration-7b8a26e1adf845bfa6c1aec94379f847
2026-06-03T18:57:31.4407524+00:00	WorkerLog	Layer02Hub	stdout=C:\Users\jimmy\Desktop\meta-bi\Samples\Demos\MetaOrchestrationHairballCliIntegration\Runs\hairball-seed-20260530\RunArtifacts\runs\20260603-185716_bb82a8c45ce24311ba67a7cf001329c5\logs\Layer02Hub-7856.stdout.log; stderr=C:\Users\jimmy\Desktop\meta-bi\Samples\Demos\MetaOrchestrationHairballCliIntegration\Runs\hairball-seed-20260530\RunArtifacts\runs\20260603-185716_bb82a8c45ce24311ba67a7cf001329c5\logs\Layer02Hub-7856.stderr.log
2026-06-03T18:57:31.4410288+00:00	WorkerEvent	Layer01Node04.export-l01-n04	TaskSucceeded; ExitCode=0; 
2026-06-03T18:57:31.4414386+00:00	TaskSucceeded	Layer01Node04.export-l01-n04	0
2026-06-03T18:57:31.4416619+00:00	WorkerEvent	Layer01Node05.export-l01-n05	TaskSucceeded; ExitCode=0; 
2026-06-03T18:57:31.4420533+00:00	TaskSucceeded	Layer01Node05.export-l01-n05	0
2026-06-03T18:57:31.4423340+00:00	WorkerEvent	Layer01Node09	PipelineStarted; ExitCode=0; pipeline started
2026-06-03T18:57:31.4428386+00:00	WorkerProcessExited	Layer01Node03	ExitCode=0; worker process exited
2026-06-03T18:57:31.4431136+00:00	WorkerEvent	Layer01Node09.refresh-l01-n09	TaskReady; ExitCode=0; 
2026-06-03T18:57:31.4435089+00:00	WorkerProcessExited	Layer01Node04	ExitCode=0; worker process exited
2026-06-03T18:57:31.4439035+00:00	PipelineCompleted	Layer01Node04	
2026-06-03T18:57:31.4442013+00:00	WorkerProcessExited	Layer01Node05	ExitCode=0; worker process exited
2026-06-03T18:57:31.4445566+00:00	PipelineCompleted	Layer01Node05	
2026-06-03T18:57:31.4452545+00:00	GrantTask	Layer01Hub.hub-l01-stage	Layer01Hub.hub-l01-stage; GrantId=grant-18; Attempt=1
2026-06-03T18:57:31.4456477+00:00	GrantTask	Layer01Node09.refresh-l01-n09	Layer01Node09.refresh-l01-n09; GrantId=grant-19; Attempt=1
2026-06-03T18:57:31.4459807+00:00	WorkerStarting	Layer02Node05	meta-pipeline
2026-06-03T18:57:31.5233151+00:00	WorkerStarted	Layer02Node05	31488
2026-06-03T18:57:31.5235974+00:00	WorkerControlPipe	Layer02Node05	meta-orchestration-8ea3b8069df9473696580ec2350f355c
2026-06-03T18:57:31.5238752+00:00	WorkerLog	Layer02Node05	stdout=C:\Users\jimmy\Desktop\meta-bi\Samples\Demos\MetaOrchestrationHairballCliIntegration\Runs\hairball-seed-20260530\RunArtifacts\runs\20260603-185716_bb82a8c45ce24311ba67a7cf001329c5\logs\Layer02Node05-31488.stdout.log; stderr=C:\Users\jimmy\Desktop\meta-bi\Samples\Demos\MetaOrchestrationHairballCliIntegration\Runs\hairball-seed-20260530\RunArtifacts\runs\20260603-185716_bb82a8c45ce24311ba67a7cf001329c5\logs\Layer02Node05-31488.stderr.log
2026-06-03T18:57:31.5241548+00:00	WorkerEvent	Layer01Hub.hub-l01-stage	GrantAccepted; ExitCode=0; 
2026-06-03T18:57:31.5248549+00:00	WorkerEvent	Layer01Node08	PipelineStarted; ExitCode=0; pipeline started
2026-06-03T18:57:31.5255084+00:00	WorkerEvent	Layer01Hub.hub-l01-stage	TaskStarted; ExitCode=0; 
2026-06-03T18:57:31.5260659+00:00	WorkerEvent	Layer01Node08.select-l01-n08	TaskReady; ExitCode=0; 
2026-06-03T18:57:31.5266965+00:00	WorkerEvent	Layer02Hub	WorkerOnline; ExitCode=0; online
2026-06-03T18:57:31.5271186+00:00	WorkerEvent	Layer01Node09.refresh-l01-n09	GrantAccepted; ExitCode=0; 
2026-06-03T18:57:31.5279819+00:00	WorkerEvent	Layer02Hub	WorkerReady; ExitCode=0; ready
2026-06-03T18:57:31.5312641+00:00	StartPipeline	Layer02Hub	Layer02Hub
2026-06-03T18:57:31.5320737+00:00	WorkerEvent	Layer01Node09.refresh-l01-n09	TaskStarted; ExitCode=0; 
2026-06-03T18:57:31.5341666+00:00	GrantTask	Layer01Node08.select-l01-n08	Layer01Node08.select-l01-n08; GrantId=grant-20; Attempt=1
2026-06-03T18:57:31.5345711+00:00	WorkerStarting	Layer02Node01	meta-pipeline
2026-06-03T18:57:31.8261044+00:00	WorkerStarted	Layer02Node01	3940
2026-06-03T18:57:31.8266333+00:00	WorkerControlPipe	Layer02Node01	meta-orchestration-6490cd9982084823aaa00eac57514e56
2026-06-03T18:57:31.8269804+00:00	WorkerLog	Layer02Node01	stdout=C:\Users\jimmy\Desktop\meta-bi\Samples\Demos\MetaOrchestrationHairballCliIntegration\Runs\hairball-seed-20260530\RunArtifacts\runs\20260603-185716_bb82a8c45ce24311ba67a7cf001329c5\logs\Layer02Node01-3940.stdout.log; stderr=C:\Users\jimmy\Desktop\meta-bi\Samples\Demos\MetaOrchestrationHairballCliIntegration\Runs\hairball-seed-20260530\RunArtifacts\runs\20260603-185716_bb82a8c45ce24311ba67a7cf001329c5\logs\Layer02Node01-3940.stderr.log
2026-06-03T18:57:31.8274121+00:00	WorkerEvent	Layer01Node08.select-l01-n08	GrantAccepted; ExitCode=0; 
2026-06-03T18:57:31.8283742+00:00	WorkerEvent	Layer02Node01	WorkerOnline; ExitCode=0; online
2026-06-03T18:57:31.8294489+00:00	WorkerEvent	Layer01Node08.select-l01-n08	TaskStarted; ExitCode=0; 
2026-06-03T18:57:31.8303565+00:00	WorkerEvent	Layer02Node01	WorkerReady; ExitCode=0; ready
2026-06-03T18:57:31.8344775+00:00	StartPipeline	Layer02Node01	Layer02Node01
2026-06-03T18:57:31.8355475+00:00	WorkerEvent	Layer02Node05	WorkerOnline; ExitCode=0; online
2026-06-03T18:57:31.8366669+00:00	WorkerEvent	Layer01Node09.refresh-l01-n09	TaskSucceeded; ExitCode=0; 
2026-06-03T18:57:31.8373712+00:00	TaskSucceeded	Layer01Node09.refresh-l01-n09	0
2026-06-03T18:57:31.8378495+00:00	WorkerEvent	Layer02Node05	WorkerReady; ExitCode=0; ready
2026-06-03T18:57:31.8408903+00:00	StartPipeline	Layer02Node05	Layer02Node05
2026-06-03T18:57:31.8417966+00:00	WorkerProcessExited	Layer01Node09	ExitCode=0; worker process exited
2026-06-03T18:57:31.8427316+00:00	PipelineCompleted	Layer01Node09	
2026-06-03T18:57:31.8433081+00:00	WorkerStarting	Layer02Node02	meta-pipeline
2026-06-03T18:57:32.1836905+00:00	WorkerStarted	Layer02Node02	16368
2026-06-03T18:57:32.1841542+00:00	WorkerControlPipe	Layer02Node02	meta-orchestration-ff8375ac92724bbaa783d4a6f76d2c99
2026-06-03T18:57:32.1845123+00:00	WorkerLog	Layer02Node02	stdout=C:\Users\jimmy\Desktop\meta-bi\Samples\Demos\MetaOrchestrationHairballCliIntegration\Runs\hairball-seed-20260530\RunArtifacts\runs\20260603-185716_bb82a8c45ce24311ba67a7cf001329c5\logs\Layer02Node02-16368.stdout.log; stderr=C:\Users\jimmy\Desktop\meta-bi\Samples\Demos\MetaOrchestrationHairballCliIntegration\Runs\hairball-seed-20260530\RunArtifacts\runs\20260603-185716_bb82a8c45ce24311ba67a7cf001329c5\logs\Layer02Node02-16368.stderr.log
2026-06-03T18:57:32.1856796+00:00	WorkerEvent	Layer01Hub.hub-l01-stage	TaskSucceeded; ExitCode=0; 
2026-06-03T18:57:32.1863962+00:00	TaskSucceeded	Layer01Hub.hub-l01-stage	0
2026-06-03T18:57:32.1868049+00:00	WorkerEvent	Layer01Node08.select-l01-n08	TaskSucceeded; ExitCode=0; 
2026-06-03T18:57:32.1875492+00:00	TaskSucceeded	Layer01Node08.select-l01-n08	0
2026-06-03T18:57:32.1880250+00:00	WorkerEvent	Layer01Hub.hub-l01-curate	TaskReady; ExitCode=0; 
2026-06-03T18:57:32.1893004+00:00	WorkerEvent	Layer02Hub	PipelineStarted; ExitCode=0; pipeline started
2026-06-03T18:57:32.1904988+00:00	WorkerEvent	Layer02Node02	WorkerOnline; ExitCode=0; online
2026-06-03T18:57:32.1913062+00:00	WorkerEvent	Layer02Hub.hub-l02-stage	TaskReady; ExitCode=0; 
2026-06-03T18:57:32.1921187+00:00	WorkerEvent	Layer02Node02	WorkerReady; ExitCode=0; ready
2026-06-03T18:57:32.1961633+00:00	StartPipeline	Layer02Node02	Layer02Node02
2026-06-03T18:57:32.1969135+00:00	WorkerProcessExited	Layer01Node08	ExitCode=0; worker process exited
2026-06-03T18:57:32.1976939+00:00	PipelineCompleted	Layer01Node08	
2026-06-03T18:57:32.1988222+00:00	GrantTask	Layer01Hub.hub-l01-curate	Layer01Hub.hub-l01-curate; GrantId=grant-21; Attempt=1
2026-06-03T18:57:32.1992288+00:00	WorkerStarting	Layer02Node04	meta-pipeline
2026-06-03T18:57:32.9522856+00:00	WorkerStarted	Layer02Node04	20572
2026-06-03T18:57:32.9535814+00:00	WorkerControlPipe	Layer02Node04	meta-orchestration-183fa77762c045e5b7b19e704ed3923b
2026-06-03T18:57:32.9548546+00:00	WorkerLog	Layer02Node04	stdout=C:\Users\jimmy\Desktop\meta-bi\Samples\Demos\MetaOrchestrationHairballCliIntegration\Runs\hairball-seed-20260530\RunArtifacts\runs\20260603-185716_bb82a8c45ce24311ba67a7cf001329c5\logs\Layer02Node04-20572.stdout.log; stderr=C:\Users\jimmy\Desktop\meta-bi\Samples\Demos\MetaOrchestrationHairballCliIntegration\Runs\hairball-seed-20260530\RunArtifacts\runs\20260603-185716_bb82a8c45ce24311ba67a7cf001329c5\logs\Layer02Node04-20572.stderr.log
2026-06-03T18:57:32.9564101+00:00	WorkerEvent	Layer01Hub.hub-l01-curate	GrantAccepted; ExitCode=0; 
2026-06-03T18:57:32.9589136+00:00	WorkerEvent	Layer02Node01	PipelineStarted; ExitCode=0; pipeline started
2026-06-03T18:57:32.9604884+00:00	WorkerEvent	Layer02Node05	PipelineStarted; ExitCode=0; pipeline started
2026-06-03T18:57:32.9618888+00:00	WorkerEvent	Layer02Node02	PipelineStarted; ExitCode=0; pipeline started
2026-06-03T18:57:32.9632506+00:00	WorkerEvent	Layer02Node04	WorkerOnline; ExitCode=0; online
2026-06-03T18:57:32.9653392+00:00	WorkerEvent	Layer01Hub.hub-l01-curate	TaskStarted; ExitCode=0; 
2026-06-03T18:57:32.9669044+00:00	WorkerEvent	Layer02Node01.select-l02-n01	TaskReady; ExitCode=0; 
2026-06-03T18:57:32.9692794+00:00	WorkerEvent	Layer02Node05.select-l02-n05	TaskReady; ExitCode=0; 
2026-06-03T18:57:32.9709137+00:00	GrantTask	Layer02Node05.select-l02-n05	Layer02Node05.select-l02-n05; GrantId=grant-22; Attempt=1
2026-06-03T18:57:32.9712423+00:00	WorkerEvent	Layer02Node04	WorkerReady; ExitCode=0; ready
2026-06-03T18:57:32.9716660+00:00	StartPipeline	Layer02Node04	Layer02Node04
2026-06-03T18:57:32.9721646+00:00	WorkerEvent	Layer02Node05.select-l02-n05	GrantAccepted; ExitCode=0; 
2026-06-03T18:57:32.9729535+00:00	WorkerEvent	Layer02Node02.refresh-l02-n02	TaskReady; ExitCode=0; 
2026-06-03T18:57:32.9746979+00:00	GrantTask	Layer02Node02.refresh-l02-n02	Layer02Node02.refresh-l02-n02; GrantId=grant-23; Attempt=1
2026-06-03T18:57:32.9750809+00:00	WorkerEvent	Layer02Node05.select-l02-n05	TaskStarted; ExitCode=0; 
2026-06-03T18:57:32.9798852+00:00	WorkerEvent	Layer02Node02.refresh-l02-n02	GrantAccepted; ExitCode=0; 
2026-06-03T18:57:32.9813646+00:00	WorkerEvent	Layer02Node02.refresh-l02-n02	TaskStarted; ExitCode=0; 
2026-06-03T18:57:33.0415372+00:00	WorkerEvent	Layer01Hub.hub-l01-curate	TaskSucceeded; ExitCode=0; 
2026-06-03T18:57:33.0422045+00:00	TaskSucceeded	Layer01Hub.hub-l01-curate	0
2026-06-03T18:57:33.0439468+00:00	GrantTask	Layer02Node01.select-l02-n01	Layer02Node01.select-l02-n01; GrantId=grant-24; Attempt=1
2026-06-03T18:57:33.0444876+00:00	WorkerEvent	Layer01Hub.hub-l01-publish	TaskReady; ExitCode=0; 
2026-06-03T18:57:33.0469573+00:00	GrantTask	Layer01Hub.hub-l01-publish	Layer01Hub.hub-l01-publish; GrantId=grant-25; Attempt=1
2026-06-03T18:57:33.0475046+00:00	WorkerEvent	Layer02Node01.select-l02-n01	GrantAccepted; ExitCode=0; 
2026-06-03T18:57:33.0495433+00:00	WorkerEvent	Layer01Hub.hub-l01-publish	GrantAccepted; ExitCode=0; 
2026-06-03T18:57:33.0516438+00:00	WorkerEvent	Layer02Node01.select-l02-n01	TaskStarted; ExitCode=0; 
2026-06-03T18:57:33.0552486+00:00	WorkerEvent	Layer01Hub.hub-l01-publish	TaskStarted; ExitCode=0; 
2026-06-03T18:57:33.1733464+00:00	WorkerEvent	Layer01Hub.hub-l01-publish	TaskSucceeded; ExitCode=0; 
2026-06-03T18:57:33.1740777+00:00	TaskSucceeded	Layer01Hub.hub-l01-publish	0
2026-06-03T18:57:33.1749965+00:00	WorkerDeferredForCapacity	AuditHairball	Deferred by orchestration to honor max active worker process capacity.
2026-06-03T18:57:33.1754452+00:00	StopPipeline	AuditHairball	Deferred by orchestration to honor max active worker process capacity.
2026-06-03T18:57:33.1759282+00:00	WorkerEvent	Layer01Hub	Closed; ExitCode=-1; worker control channel closed
2026-06-03T18:57:33.1766634+00:00	PipelineCompleted	Layer01Hub	
2026-06-03T18:57:33.1773164+00:00	WorkerStarting	Layer02Node08	meta-pipeline
2026-06-03T18:57:33.2701681+00:00	WorkerStarted	Layer02Node08	31064
2026-06-03T18:57:33.2706146+00:00	WorkerControlPipe	Layer02Node08	meta-orchestration-2e74beaffe9146fd95b2065fdd2bf88f
2026-06-03T18:57:33.2708864+00:00	WorkerLog	Layer02Node08	stdout=C:\Users\jimmy\Desktop\meta-bi\Samples\Demos\MetaOrchestrationHairballCliIntegration\Runs\hairball-seed-20260530\RunArtifacts\runs\20260603-185716_bb82a8c45ce24311ba67a7cf001329c5\logs\Layer02Node08-31064.stdout.log; stderr=C:\Users\jimmy\Desktop\meta-bi\Samples\Demos\MetaOrchestrationHairballCliIntegration\Runs\hairball-seed-20260530\RunArtifacts\runs\20260603-185716_bb82a8c45ce24311ba67a7cf001329c5\logs\Layer02Node08-31064.stderr.log
2026-06-03T18:57:33.2713585+00:00	WorkerEvent	AuditHairball	Closed; ExitCode=0; worker control channel closed
2026-06-03T18:57:33.2716777+00:00	WorkerProcessExited	AuditHairball	ExitCode=0; worker control channel closed
2026-06-03T18:57:33.2723502+00:00	WorkerDeferred	AuditHairball	ResumeTaskId=AuditHairball.audit-hairball
2026-06-03T18:57:33.2727891+00:00	WorkerProcessExited	Layer01Hub	ExitCode=0; worker process exited
2026-06-03T18:57:33.2747520+00:00	WorkerResuming	AuditHairball	ResumeTaskId=AuditHairball.audit-hairball; Executable=meta-pipeline
2026-06-03T18:57:33.3703982+00:00	WorkerStarted	AuditHairball	27092
2026-06-03T18:57:33.3707033+00:00	WorkerControlPipe	AuditHairball	meta-orchestration-a5ff821b23fd443b9557158fb9b70ef6
2026-06-03T18:57:33.3709447+00:00	WorkerLog	AuditHairball	stdout=C:\Users\jimmy\Desktop\meta-bi\Samples\Demos\MetaOrchestrationHairballCliIntegration\Runs\hairball-seed-20260530\RunArtifacts\runs\20260603-185716_bb82a8c45ce24311ba67a7cf001329c5\logs\AuditHairball-27092.stdout.log; stderr=C:\Users\jimmy\Desktop\meta-bi\Samples\Demos\MetaOrchestrationHairballCliIntegration\Runs\hairball-seed-20260530\RunArtifacts\runs\20260603-185716_bb82a8c45ce24311ba67a7cf001329c5\logs\AuditHairball-27092.stderr.log
2026-06-03T18:57:33.3712974+00:00	WorkerEvent	Layer02Node08	WorkerOnline; ExitCode=0; online
2026-06-03T18:57:33.3719734+00:00	WorkerEvent	Layer02Node05.select-l02-n05	TaskSucceeded; ExitCode=0; 
2026-06-03T18:57:33.3727146+00:00	TaskSucceeded	Layer02Node05.select-l02-n05	0
2026-06-03T18:57:33.3731258+00:00	WorkerEvent	Layer02Node08	WorkerReady; ExitCode=0; ready
2026-06-03T18:57:33.3764296+00:00	StartPipeline	Layer02Node08	Layer02Node08
2026-06-03T18:57:33.3772149+00:00	WorkerEvent	Layer02Node02.refresh-l02-n02	TaskSucceeded; ExitCode=0; 
2026-06-03T18:57:33.3781219+00:00	TaskSucceeded	Layer02Node02.refresh-l02-n02	0
2026-06-03T18:57:33.3786007+00:00	WorkerProcessExited	Layer02Node02	ExitCode=0; worker process exited
2026-06-03T18:57:33.3793177+00:00	PipelineCompleted	Layer02Node02	
2026-06-03T18:57:33.3796486+00:00	WorkerProcessExited	Layer02Node05	ExitCode=0; worker process exited
2026-06-03T18:57:33.3802647+00:00	PipelineCompleted	Layer02Node05	
2026-06-03T18:57:33.3809091+00:00	WorkerStarting	Layer02Node06	meta-pipeline
2026-06-03T18:57:33.4877289+00:00	WorkerStarted	Layer02Node06	28532
2026-06-03T18:57:33.4880096+00:00	WorkerControlPipe	Layer02Node06	meta-orchestration-bbff7fbe5410445abc23f949b19114fc
2026-06-03T18:57:33.4883729+00:00	WorkerLog	Layer02Node06	stdout=C:\Users\jimmy\Desktop\meta-bi\Samples\Demos\MetaOrchestrationHairballCliIntegration\Runs\hairball-seed-20260530\RunArtifacts\runs\20260603-185716_bb82a8c45ce24311ba67a7cf001329c5\logs\Layer02Node06-28532.stdout.log; stderr=C:\Users\jimmy\Desktop\meta-bi\Samples\Demos\MetaOrchestrationHairballCliIntegration\Runs\hairball-seed-20260530\RunArtifacts\runs\20260603-185716_bb82a8c45ce24311ba67a7cf001329c5\logs\Layer02Node06-28532.stderr.log
2026-06-03T18:57:33.4886701+00:00	WorkerEvent	AuditHairball	WorkerOnline; ExitCode=0; online
2026-06-03T18:57:33.4891368+00:00	WorkerEvent	Layer02Node01.select-l02-n01	TaskSucceeded; ExitCode=0; 
2026-06-03T18:57:33.4896709+00:00	TaskSucceeded	Layer02Node01.select-l02-n01	0
2026-06-03T18:57:33.4900030+00:00	WorkerEvent	AuditHairball	WorkerReady; ExitCode=0; ready
2026-06-03T18:57:33.4929224+00:00	StartPipeline	AuditHairball	AuditHairball
2026-06-03T18:57:33.4935167+00:00	WorkerProcessExited	Layer02Node01	ExitCode=0; worker process exited
2026-06-03T18:57:33.4941750+00:00	PipelineCompleted	Layer02Node01	
2026-06-03T18:57:33.4948342+00:00	WorkerStarting	Layer03Node02	meta-pipeline
2026-06-03T18:57:33.5867597+00:00	WorkerStarted	Layer03Node02	4428
2026-06-03T18:57:33.5870822+00:00	WorkerControlPipe	Layer03Node02	meta-orchestration-b9f5e78ef26549d486124cae042771e8
2026-06-03T18:57:33.5873661+00:00	WorkerLog	Layer03Node02	stdout=C:\Users\jimmy\Desktop\meta-bi\Samples\Demos\MetaOrchestrationHairballCliIntegration\Runs\hairball-seed-20260530\RunArtifacts\runs\20260603-185716_bb82a8c45ce24311ba67a7cf001329c5\logs\Layer03Node02-4428.stdout.log; stderr=C:\Users\jimmy\Desktop\meta-bi\Samples\Demos\MetaOrchestrationHairballCliIntegration\Runs\hairball-seed-20260530\RunArtifacts\runs\20260603-185716_bb82a8c45ce24311ba67a7cf001329c5\logs\Layer03Node02-4428.stderr.log
2026-06-03T18:57:33.5876548+00:00	WorkerEvent	Layer02Node04	PipelineStarted; ExitCode=0; pipeline started
2026-06-03T18:57:33.5883259+00:00	WorkerEvent	Layer02Node06	WorkerOnline; ExitCode=0; online
2026-06-03T18:57:33.5890175+00:00	WorkerEvent	Layer02Node04.export-l02-n04	TaskReady; ExitCode=0; 
2026-06-03T18:57:33.5895948+00:00	WorkerEvent	Layer02Node06	WorkerReady; ExitCode=0; ready
2026-06-03T18:57:33.5925174+00:00	StartPipeline	Layer02Node06	Layer02Node06
2026-06-03T18:57:33.5937737+00:00	GrantTask	Layer02Node04.export-l02-n04	Layer02Node04.export-l02-n04; GrantId=grant-26; Attempt=1
2026-06-03T18:57:33.5941979+00:00	WorkerStarting	Layer03Node03	meta-pipeline
2026-06-03T18:57:33.6766440+00:00	WorkerStarted	Layer03Node03	25400
2026-06-03T18:57:33.6769941+00:00	WorkerControlPipe	Layer03Node03	meta-orchestration-04403f7509734fa89d1116f04215ea05
2026-06-03T18:57:33.6773398+00:00	WorkerLog	Layer03Node03	stdout=C:\Users\jimmy\Desktop\meta-bi\Samples\Demos\MetaOrchestrationHairballCliIntegration\Runs\hairball-seed-20260530\RunArtifacts\runs\20260603-185716_bb82a8c45ce24311ba67a7cf001329c5\logs\Layer03Node03-25400.stdout.log; stderr=C:\Users\jimmy\Desktop\meta-bi\Samples\Demos\MetaOrchestrationHairballCliIntegration\Runs\hairball-seed-20260530\RunArtifacts\runs\20260603-185716_bb82a8c45ce24311ba67a7cf001329c5\logs\Layer03Node03-25400.stderr.log
2026-06-03T18:57:33.6777269+00:00	WorkerEvent	Layer02Node04.export-l02-n04	GrantAccepted; ExitCode=0; 
2026-06-03T18:57:33.6786720+00:00	WorkerEvent	Layer03Node02	WorkerOnline; ExitCode=0; online
2026-06-03T18:57:33.6802240+00:00	WorkerDeferredForCapacity	BridgeL01L02	Deferred by orchestration to honor max active worker process capacity.
2026-06-03T18:57:33.6806129+00:00	StopPipeline	BridgeL01L02	Deferred by orchestration to honor max active worker process capacity.
2026-06-03T18:57:33.6811429+00:00	WorkerEvent	Layer02Node04.export-l02-n04	TaskStarted; ExitCode=0; 
2026-06-03T18:57:33.6818699+00:00	WorkerEvent	Layer03Node02	WorkerReady; ExitCode=0; ready
2026-06-03T18:57:33.6835538+00:00	StartPipeline	Layer03Node02	Layer03Node02
2026-06-03T18:57:33.6853227+00:00	WorkerDeferredForCapacity	BridgeL03L04	Deferred by orchestration to honor max active worker process capacity.
2026-06-03T18:57:33.6858346+00:00	StopPipeline	BridgeL03L04	Deferred by orchestration to honor max active worker process capacity.
2026-06-03T18:57:33.6863605+00:00	WorkerEvent	BridgeL01L02	Closed; ExitCode=-1; worker control channel closed
2026-06-03T18:57:33.6871314+00:00	WorkerDeferred	BridgeL01L02	ResumeTaskId=BridgeL01L02.bridge-l01-l02-collect
2026-06-03T18:57:33.6881719+00:00	WorkerStarting	Layer03Node10	meta-pipeline
2026-06-03T18:57:33.7946104+00:00	WorkerStarted	Layer03Node10	17560
2026-06-03T18:57:33.7950963+00:00	WorkerControlPipe	Layer03Node10	meta-orchestration-505cd3b306244fd8a0b52bb98578308d
2026-06-03T18:57:33.7954323+00:00	WorkerLog	Layer03Node10	stdout=C:\Users\jimmy\Desktop\meta-bi\Samples\Demos\MetaOrchestrationHairballCliIntegration\Runs\hairball-seed-20260530\RunArtifacts\runs\20260603-185716_bb82a8c45ce24311ba67a7cf001329c5\logs\Layer03Node10-17560.stdout.log; stderr=C:\Users\jimmy\Desktop\meta-bi\Samples\Demos\MetaOrchestrationHairballCliIntegration\Runs\hairball-seed-20260530\RunArtifacts\runs\20260603-185716_bb82a8c45ce24311ba67a7cf001329c5\logs\Layer03Node10-17560.stderr.log
2026-06-03T18:57:33.7958752+00:00	WorkerEvent	BridgeL03L04	Closed; ExitCode=-1; worker control channel closed
2026-06-03T18:57:33.7961982+00:00	WorkerProcessExited	BridgeL03L04	ExitCode=0; worker control channel closed
2026-06-03T18:57:33.7971219+00:00	WorkerDeferred	BridgeL03L04	ResumeTaskId=BridgeL03L04.bridge-l03-l04-collect
2026-06-03T18:57:33.7976740+00:00	WorkerEvent	Layer03Node03	WorkerOnline; ExitCode=0; online
2026-06-03T18:57:33.7987834+00:00	WorkerProcessExited	BridgeL01L02	ExitCode=0; worker process exited
2026-06-03T18:57:33.7991360+00:00	WorkerEvent	Layer03Node03	WorkerReady; ExitCode=0; ready
2026-06-03T18:57:33.8036139+00:00	StartPipeline	Layer03Node03	Layer03Node03
2026-06-03T18:57:33.8059507+00:00	WorkerStarting	Layer06Node02	meta-pipeline
2026-06-03T18:57:33.9237337+00:00	WorkerStarted	Layer06Node02	18520
2026-06-03T18:57:33.9242913+00:00	WorkerControlPipe	Layer06Node02	meta-orchestration-ba05daa80c3e44748ef3365fd0ba2d15
2026-06-03T18:57:33.9246696+00:00	WorkerLog	Layer06Node02	stdout=C:\Users\jimmy\Desktop\meta-bi\Samples\Demos\MetaOrchestrationHairballCliIntegration\Runs\hairball-seed-20260530\RunArtifacts\runs\20260603-185716_bb82a8c45ce24311ba67a7cf001329c5\logs\Layer06Node02-18520.stdout.log; stderr=C:\Users\jimmy\Desktop\meta-bi\Samples\Demos\MetaOrchestrationHairballCliIntegration\Runs\hairball-seed-20260530\RunArtifacts\runs\20260603-185716_bb82a8c45ce24311ba67a7cf001329c5\logs\Layer06Node02-18520.stderr.log
2026-06-03T18:57:33.9251093+00:00	WorkerEvent	Layer03Node10	WorkerOnline; ExitCode=0; online
2026-06-03T18:57:33.9258056+00:00	WorkerEvent	Layer02Node08	PipelineStarted; ExitCode=0; pipeline started
2026-06-03T18:57:33.9264587+00:00	WorkerEvent	Layer03Node10	WorkerReady; ExitCode=0; ready
2026-06-03T18:57:33.9303295+00:00	StartPipeline	Layer03Node10	Layer03Node10
2026-06-03T18:57:33.9313132+00:00	WorkerEvent	Layer02Node08.refresh-l02-n08	TaskReady; ExitCode=0; 
2026-06-03T18:57:33.9350160+00:00	GrantTask	Layer02Node08.refresh-l02-n08	Layer02Node08.refresh-l02-n08; GrantId=grant-27; Attempt=1
2026-06-03T18:57:33.9384214+00:00	WorkerEvent	Layer02Node08.refresh-l02-n08	GrantAccepted; ExitCode=0; 
2026-06-03T18:57:33.9423986+00:00	WorkerEvent	Layer02Node08.refresh-l02-n08	TaskStarted; ExitCode=0; 
2026-06-03T18:57:33.9538698+00:00	WorkerEvent	Layer06Node02	WorkerOnline; ExitCode=0; online
2026-06-03T18:57:33.9594750+00:00	WorkerEvent	Layer06Node02	WorkerReady; ExitCode=0; ready
2026-06-03T18:57:33.9633701+00:00	StartPipeline	Layer06Node02	Layer06Node02
2026-06-03T18:57:34.0675642+00:00	WorkerEvent	AuditHairball	PipelineStarted; ExitCode=0; pipeline started
2026-06-03T18:57:34.0706621+00:00	WorkerEvent	AuditHairball.audit-hairball	TaskReady; ExitCode=0; 
2026-06-03T18:57:34.2217049+00:00	WorkerEvent	Layer02Node06	PipelineStarted; ExitCode=0; pipeline started
2026-06-03T18:57:34.2242374+00:00	WorkerEvent	Layer02Node06.refresh-l02-n06	TaskReady; ExitCode=0; 
2026-06-03T18:57:34.2269222+00:00	GrantTask	Layer02Node06.refresh-l02-n06	Layer02Node06.refresh-l02-n06; GrantId=grant-28; Attempt=1
2026-06-03T18:57:34.2317502+00:00	WorkerEvent	Layer02Node04.export-l02-n04	TaskSucceeded; ExitCode=0; 
2026-06-03T18:57:34.2327930+00:00	TaskSucceeded	Layer02Node04.export-l02-n04	0
2026-06-03T18:57:34.2338367+00:00	WorkerEvent	Layer02Node04	Closed; ExitCode=-1; worker control channel closed
2026-06-03T18:57:34.2350728+00:00	PipelineCompleted	Layer02Node04	
2026-06-03T18:57:34.2365789+00:00	WorkerEvent	Layer02Node06.refresh-l02-n06	GrantAccepted; ExitCode=0; 
2026-06-03T18:57:34.2379878+00:00	WorkerStarting	Layer02Node07	meta-pipeline
2026-06-03T18:57:34.3830669+00:00	WorkerStarted	Layer02Node07	20808
2026-06-03T18:57:34.3837002+00:00	WorkerControlPipe	Layer02Node07	meta-orchestration-11751b2a67244d35a5876bbc1c7e8132
2026-06-03T18:57:34.3851736+00:00	WorkerLog	Layer02Node07	stdout=C:\Users\jimmy\Desktop\meta-bi\Samples\Demos\MetaOrchestrationHairballCliIntegration\Runs\hairball-seed-20260530\RunArtifacts\runs\20260603-185716_bb82a8c45ce24311ba67a7cf001329c5\logs\Layer02Node07-20808.stdout.log; stderr=C:\Users\jimmy\Desktop\meta-bi\Samples\Demos\MetaOrchestrationHairballCliIntegration\Runs\hairball-seed-20260530\RunArtifacts\runs\20260603-185716_bb82a8c45ce24311ba67a7cf001329c5\logs\Layer02Node07-20808.stderr.log
2026-06-03T18:57:34.3856857+00:00	WorkerEvent	Layer03Node02	PipelineStarted; ExitCode=0; pipeline started
2026-06-03T18:57:34.3864735+00:00	WorkerEvent	Layer02Node06.refresh-l02-n06	TaskStarted; ExitCode=0; 
2026-06-03T18:57:34.3873601+00:00	WorkerProcessExited	Layer02Node04	ExitCode=0; worker process exited
2026-06-03T18:57:34.3897608+00:00	WorkerEvent	Layer03Node02.export-l03-n02	TaskReady; ExitCode=0; 
2026-06-03T18:57:34.3933454+00:00	GrantTask	Layer03Node02.export-l03-n02	Layer03Node02.export-l03-n02; GrantId=grant-29; Attempt=1
2026-06-03T18:57:34.3955934+00:00	WorkerEvent	Layer03Node02.export-l03-n02	GrantAccepted; ExitCode=0; 
2026-06-03T18:57:34.3985881+00:00	WorkerEvent	Layer03Node02.export-l03-n02	TaskStarted; ExitCode=0; 
2026-06-03T18:57:34.4098033+00:00	WorkerEvent	Layer02Node08.refresh-l02-n08	TaskSucceeded; ExitCode=0; 
2026-06-03T18:57:34.4106245+00:00	TaskSucceeded	Layer02Node08.refresh-l02-n08	0
2026-06-03T18:57:34.4114261+00:00	WorkerDeferredForCapacity	AuditHairball	Deferred by orchestration to honor max active worker process capacity.
2026-06-03T18:57:34.4117307+00:00	StopPipeline	AuditHairball	Deferred by orchestration to honor max active worker process capacity.
2026-06-03T18:57:34.4126731+00:00	WorkerDeferredForCapacity	BridgeL05L06	Deferred by orchestration to honor max active worker process capacity.
2026-06-03T18:57:34.4130600+00:00	StopPipeline	BridgeL05L06	Deferred by orchestration to honor max active worker process capacity.
2026-06-03T18:57:34.4136220+00:00	WorkerEvent	Layer02Node08	Closed; ExitCode=-1; worker control channel closed
2026-06-03T18:57:34.4204794+00:00	WorkerProcessExited	Layer02Node08	ExitCode=0; worker control channel closed
2026-06-03T18:57:34.4232880+00:00	PipelineCompleted	Layer02Node08	
2026-06-03T18:57:34.4237700+00:00	WorkerEvent	Layer02Node07	WorkerOnline; ExitCode=0; online
2026-06-03T18:57:34.4244540+00:00	WorkerEvent	AuditHairball	Closed; ExitCode=-1; worker control channel closed
2026-06-03T18:57:34.4247907+00:00	WorkerProcessExited	AuditHairball	ExitCode=0; worker control channel closed
2026-06-03T18:57:34.4253522+00:00	WorkerDeferred	AuditHairball	ResumeTaskId=AuditHairball.audit-hairball
2026-06-03T18:57:34.4261110+00:00	WorkerStarting	Layer03Node06	meta-pipeline
2026-06-03T18:57:34.5652702+00:00	WorkerStarted	Layer03Node06	6540
2026-06-03T18:57:34.5657481+00:00	WorkerControlPipe	Layer03Node06	meta-orchestration-64ac82467942449ebb2fc6434461356a
2026-06-03T18:57:34.5660809+00:00	WorkerLog	Layer03Node06	stdout=C:\Users\jimmy\Desktop\meta-bi\Samples\Demos\MetaOrchestrationHairballCliIntegration\Runs\hairball-seed-20260530\RunArtifacts\runs\20260603-185716_bb82a8c45ce24311ba67a7cf001329c5\logs\Layer03Node06-6540.stdout.log; stderr=C:\Users\jimmy\Desktop\meta-bi\Samples\Demos\MetaOrchestrationHairballCliIntegration\Runs\hairball-seed-20260530\RunArtifacts\runs\20260603-185716_bb82a8c45ce24311ba67a7cf001329c5\logs\Layer03Node06-6540.stderr.log
2026-06-03T18:57:34.5664754+00:00	WorkerEvent	BridgeL05L06	Closed; ExitCode=-1; worker control channel closed
2026-06-03T18:57:34.5668158+00:00	WorkerProcessExited	BridgeL05L06	ExitCode=0; worker control channel closed
2026-06-03T18:57:34.5677776+00:00	WorkerDeferred	BridgeL05L06	ResumeTaskId=BridgeL05L06.bridge-l05-l06-collect
2026-06-03T18:57:34.5682590+00:00	WorkerEvent	Layer02Node07	WorkerReady; ExitCode=0; ready
2026-06-03T18:57:34.5691159+00:00	StartPipeline	Layer02Node07	Layer02Node07
2026-06-03T18:57:34.5760170+00:00	WorkerEvent	Layer03Node03	PipelineStarted; ExitCode=0; pipeline started
2026-06-03T18:57:34.5774032+00:00	WorkerStarting	Layer04Node03	meta-pipeline
2026-06-03T18:57:34.7012950+00:00	WorkerStarted	Layer04Node03	28268
2026-06-03T18:57:34.7017261+00:00	WorkerControlPipe	Layer04Node03	meta-orchestration-8bd6a75d5b8241cdbfffbdad3d05d529
2026-06-03T18:57:34.7020396+00:00	WorkerLog	Layer04Node03	stdout=C:\Users\jimmy\Desktop\meta-bi\Samples\Demos\MetaOrchestrationHairballCliIntegration\Runs\hairball-seed-20260530\RunArtifacts\runs\20260603-185716_bb82a8c45ce24311ba67a7cf001329c5\logs\Layer04Node03-28268.stdout.log; stderr=C:\Users\jimmy\Desktop\meta-bi\Samples\Demos\MetaOrchestrationHairballCliIntegration\Runs\hairball-seed-20260530\RunArtifacts\runs\20260603-185716_bb82a8c45ce24311ba67a7cf001329c5\logs\Layer04Node03-28268.stderr.log
2026-06-03T18:57:34.7024193+00:00	WorkerEvent	Layer03Node10	PipelineStarted; ExitCode=0; pipeline started
2026-06-03T18:57:34.7031070+00:00	WorkerEvent	Layer06Node02	PipelineStarted; ExitCode=0; pipeline started
2026-06-03T18:57:34.7040274+00:00	WorkerEvent	Layer03Node10.refresh-l03-n10	TaskReady; ExitCode=0; 
2026-06-03T18:57:34.7048618+00:00	WorkerEvent	Layer06Node02.export-l06-n02	TaskReady; ExitCode=0; 
2026-06-03T18:57:34.7055966+00:00	WorkerEvent	Layer03Node06	WorkerOnline; ExitCode=0; online
2026-06-03T18:57:34.7062912+00:00	WorkerEvent	Layer03Node03.export-l03-n03	TaskReady; ExitCode=0; 
2026-06-03T18:57:34.7070250+00:00	WorkerEvent	Layer03Node06	WorkerReady; ExitCode=0; ready
2026-06-03T18:57:34.7106627+00:00	StartPipeline	Layer03Node06	Layer03Node06
2026-06-03T18:57:34.7115066+00:00	WorkerEvent	Layer02Node06.refresh-l02-n06	TaskSucceeded; ExitCode=0; 
2026-06-03T18:57:34.7122501+00:00	TaskSucceeded	Layer02Node06.refresh-l02-n06	0
2026-06-03T18:57:34.7128839+00:00	WorkerEvent	Layer02Node06	Closed; ExitCode=-1; worker control channel closed
2026-06-03T18:57:34.7136190+00:00	PipelineCompleted	Layer02Node06	
2026-06-03T18:57:34.7153282+00:00	GrantTask	Layer03Node03.export-l03-n03	Layer03Node03.export-l03-n03; GrantId=grant-30; Attempt=1
2026-06-03T18:57:34.7158978+00:00	GrantTask	Layer03Node10.refresh-l03-n10	Layer03Node10.refresh-l03-n10; GrantId=grant-31; Attempt=1
2026-06-03T18:57:34.7165094+00:00	GrantTask	Layer06Node02.export-l06-n02	Layer06Node02.export-l06-n02; GrantId=grant-32; Attempt=1
2026-06-03T18:57:34.7170594+00:00	WorkerStarting	Layer06Node06	meta-pipeline
2026-06-03T18:57:34.8118644+00:00	WorkerStarted	Layer06Node06	29244
2026-06-03T18:57:34.8122369+00:00	WorkerControlPipe	Layer06Node06	meta-orchestration-961ade9f87b746f58150e387804118ea
2026-06-03T18:57:34.8125757+00:00	WorkerLog	Layer06Node06	stdout=C:\Users\jimmy\Desktop\meta-bi\Samples\Demos\MetaOrchestrationHairballCliIntegration\Runs\hairball-seed-20260530\RunArtifacts\runs\20260603-185716_bb82a8c45ce24311ba67a7cf001329c5\logs\Layer06Node06-29244.stdout.log; stderr=C:\Users\jimmy\Desktop\meta-bi\Samples\Demos\MetaOrchestrationHairballCliIntegration\Runs\hairball-seed-20260530\RunArtifacts\runs\20260603-185716_bb82a8c45ce24311ba67a7cf001329c5\logs\Layer06Node06-29244.stderr.log
2026-06-03T18:57:34.8129499+00:00	WorkerEvent	Layer03Node10.refresh-l03-n10	GrantAccepted; ExitCode=0; 
2026-06-03T18:57:34.8136673+00:00	WorkerEvent	Layer04Node03	WorkerOnline; ExitCode=0; online
2026-06-03T18:57:34.8143767+00:00	WorkerEvent	Layer03Node10.refresh-l03-n10	TaskStarted; ExitCode=0; 
2026-06-03T18:57:34.8150909+00:00	WorkerEvent	Layer04Node03	WorkerReady; ExitCode=0; ready
2026-06-03T18:57:34.8186304+00:00	StartPipeline	Layer04Node03	Layer04Node03
2026-06-03T18:57:34.8195585+00:00	WorkerEvent	Layer06Node02.export-l06-n02	GrantAccepted; ExitCode=0; 
2026-06-03T18:57:34.8206858+00:00	WorkerEvent	Layer03Node03.export-l03-n03	GrantAccepted; ExitCode=0; 
2026-06-03T18:57:34.8214880+00:00	WorkerEvent	Layer06Node02.export-l06-n02	TaskStarted; ExitCode=0; 
2026-06-03T18:57:34.8221751+00:00	WorkerEvent	Layer03Node03.export-l03-n03	TaskStarted; ExitCode=0; 
2026-06-03T18:57:34.8228945+00:00	WorkerProcessExited	Layer02Node06	ExitCode=0; worker process exited
2026-06-03T18:57:34.8245819+00:00	WorkerResuming	AuditHairball	ResumeTaskId=AuditHairball.audit-hairball; Executable=meta-pipeline
2026-06-03T18:57:34.9395745+00:00	WorkerStarted	AuditHairball	18428
2026-06-03T18:57:34.9400552+00:00	WorkerControlPipe	AuditHairball	meta-orchestration-c6b03946ea5a4d538a7da89deca50a40
2026-06-03T18:57:34.9403600+00:00	WorkerLog	AuditHairball	stdout=C:\Users\jimmy\Desktop\meta-bi\Samples\Demos\MetaOrchestrationHairballCliIntegration\Runs\hairball-seed-20260530\RunArtifacts\runs\20260603-185716_bb82a8c45ce24311ba67a7cf001329c5\logs\AuditHairball-18428.stdout.log; stderr=C:\Users\jimmy\Desktop\meta-bi\Samples\Demos\MetaOrchestrationHairballCliIntegration\Runs\hairball-seed-20260530\RunArtifacts\runs\20260603-185716_bb82a8c45ce24311ba67a7cf001329c5\logs\AuditHairball-18428.stderr.log
2026-06-03T18:57:34.9407924+00:00	WorkerEvent	Layer06Node06	WorkerOnline; ExitCode=0; online
2026-06-03T18:57:34.9430777+00:00	WorkerEvent	Layer06Node06	WorkerReady; ExitCode=0; ready
2026-06-03T18:57:34.9484365+00:00	StartPipeline	Layer06Node06	Layer06Node06
2026-06-03T18:57:34.9559854+00:00	WorkerEvent	Layer03Node02.export-l03-n02	TaskSucceeded; ExitCode=0; 
2026-06-03T18:57:34.9569039+00:00	TaskSucceeded	Layer03Node02.export-l03-n02	0
2026-06-03T18:57:34.9599448+00:00	WorkerEvent	Layer03Node02	Closed; ExitCode=-1; worker control channel closed
2026-06-03T18:57:34.9608555+00:00	PipelineCompleted	Layer03Node02	
2026-06-03T18:57:34.9626174+00:00	WorkerResuming	BridgeL01L02	ResumeTaskId=BridgeL01L02.bridge-l01-l02-collect; Executable=meta-pipeline
2026-06-03T18:57:35.0970188+00:00	WorkerStarted	BridgeL01L02	15464
2026-06-03T18:57:35.0975547+00:00	WorkerControlPipe	BridgeL01L02	meta-orchestration-0933a2b5eda342ee8b067e70c176c7ca
2026-06-03T18:57:35.0982062+00:00	WorkerLog	BridgeL01L02	stdout=C:\Users\jimmy\Desktop\meta-bi\Samples\Demos\MetaOrchestrationHairballCliIntegration\Runs\hairball-seed-20260530\RunArtifacts\runs\20260603-185716_bb82a8c45ce24311ba67a7cf001329c5\logs\BridgeL01L02-15464.stdout.log; stderr=C:\Users\jimmy\Desktop\meta-bi\Samples\Demos\MetaOrchestrationHairballCliIntegration\Runs\hairball-seed-20260530\RunArtifacts\runs\20260603-185716_bb82a8c45ce24311ba67a7cf001329c5\logs\BridgeL01L02-15464.stderr.log
2026-06-03T18:57:35.0986782+00:00	WorkerEvent	AuditHairball	WorkerOnline; ExitCode=0; online
2026-06-03T18:57:35.0993551+00:00	WorkerProcessExited	Layer03Node02	ExitCode=0; worker process exited
2026-06-03T18:57:35.1024877+00:00	WorkerEvent	AuditHairball	WorkerReady; ExitCode=0; ready
2026-06-03T18:57:35.1158906+00:00	StartPipeline	AuditHairball	AuditHairball
2026-06-03T18:57:35.1293482+00:00	WorkerEvent	BridgeL01L02	WorkerOnline; ExitCode=0; online
2026-06-03T18:57:35.1334441+00:00	WorkerEvent	BridgeL01L02	WorkerReady; ExitCode=0; ready
2026-06-03T18:57:35.1381646+00:00	StartPipeline	BridgeL01L02	BridgeL01L02
2026-06-03T18:57:35.2677533+00:00	WorkerEvent	Layer02Node07	PipelineStarted; ExitCode=0; pipeline started
2026-06-03T18:57:35.2710624+00:00	WorkerEvent	Layer03Node10.refresh-l03-n10	TaskSucceeded; ExitCode=0; 
2026-06-03T18:57:35.2721245+00:00	TaskSucceeded	Layer03Node10.refresh-l03-n10	0
2026-06-03T18:57:35.2726195+00:00	WorkerEvent	Layer03Node10	Closed; ExitCode=-1; worker control channel closed
2026-06-03T18:57:35.2733981+00:00	PipelineCompleted	Layer03Node10	
2026-06-03T18:57:35.2737933+00:00	WorkerEvent	Layer02Node07.refresh-l02-n07	TaskReady; ExitCode=0; 
2026-06-03T18:57:35.2767177+00:00	GrantTask	Layer02Node07.refresh-l02-n07	Layer02Node07.refresh-l02-n07; GrantId=grant-33; Attempt=1
2026-06-03T18:57:35.2771034+00:00	WorkerResuming	BridgeL03L04	ResumeTaskId=BridgeL03L04.bridge-l03-l04-collect; Executable=meta-pipeline
2026-06-03T18:57:35.3957258+00:00	WorkerStarted	BridgeL03L04	25472
2026-06-03T18:57:35.3963259+00:00	WorkerControlPipe	BridgeL03L04	meta-orchestration-b31190d71c0c4cac8093ecd2bc409409
2026-06-03T18:57:35.3968059+00:00	WorkerLog	BridgeL03L04	stdout=C:\Users\jimmy\Desktop\meta-bi\Samples\Demos\MetaOrchestrationHairballCliIntegration\Runs\hairball-seed-20260530\RunArtifacts\runs\20260603-185716_bb82a8c45ce24311ba67a7cf001329c5\logs\BridgeL03L04-25472.stdout.log; stderr=C:\Users\jimmy\Desktop\meta-bi\Samples\Demos\MetaOrchestrationHairballCliIntegration\Runs\hairball-seed-20260530\RunArtifacts\runs\20260603-185716_bb82a8c45ce24311ba67a7cf001329c5\logs\BridgeL03L04-25472.stderr.log
2026-06-03T18:57:35.3973768+00:00	WorkerEvent	Layer06Node02.export-l06-n02	TaskSucceeded; ExitCode=0; 
2026-06-03T18:57:35.3982745+00:00	TaskSucceeded	Layer06Node02.export-l06-n02	0
2026-06-03T18:57:35.3987031+00:00	WorkerEvent	Layer02Node07.refresh-l02-n07	GrantAccepted; ExitCode=0; 
2026-06-03T18:57:35.3995345+00:00	WorkerProcessExited	Layer03Node10	ExitCode=0; worker process exited
2026-06-03T18:57:35.4021023+00:00	WorkerEvent	Layer03Node03.export-l03-n03	TaskSucceeded; ExitCode=0; 
2026-06-03T18:57:35.4029693+00:00	TaskSucceeded	Layer03Node03.export-l03-n03	0
2026-06-03T18:57:35.4034321+00:00	WorkerEvent	Layer02Node07.refresh-l02-n07	TaskStarted; ExitCode=0; 
2026-06-03T18:57:35.4043139+00:00	WorkerEvent	Layer03Node06	PipelineStarted; ExitCode=0; pipeline started
2026-06-03T18:57:35.4054298+00:00	WorkerEvent	Layer03Node03	Closed; ExitCode=-1; worker control channel closed
2026-06-03T18:57:35.4064191+00:00	PipelineCompleted	Layer03Node03	
2026-06-03T18:57:35.4070153+00:00	WorkerEvent	Layer03Node06.refresh-l03-n06	TaskReady; ExitCode=0; 
2026-06-03T18:57:35.4078122+00:00	WorkerProcessExited	Layer06Node02	ExitCode=0; worker process exited
2026-06-03T18:57:35.4084928+00:00	PipelineCompleted	Layer06Node02	
2026-06-03T18:57:35.4099653+00:00	GrantTask	Layer03Node06.refresh-l03-n06	Layer03Node06.refresh-l03-n06; GrantId=grant-34; Attempt=1
2026-06-03T18:57:35.4105447+00:00	WorkerStarting	Layer06Node09	meta-pipeline
2026-06-03T18:57:35.5391754+00:00	WorkerStarted	Layer06Node09	26764
2026-06-03T18:57:35.5396282+00:00	WorkerControlPipe	Layer06Node09	meta-orchestration-55ed384dcd264ef8bb2910a3df617e97
2026-06-03T18:57:35.5399846+00:00	WorkerLog	Layer06Node09	stdout=C:\Users\jimmy\Desktop\meta-bi\Samples\Demos\MetaOrchestrationHairballCliIntegration\Runs\hairball-seed-20260530\RunArtifacts\runs\20260603-185716_bb82a8c45ce24311ba67a7cf001329c5\logs\Layer06Node09-26764.stdout.log; stderr=C:\Users\jimmy\Desktop\meta-bi\Samples\Demos\MetaOrchestrationHairballCliIntegration\Runs\hairball-seed-20260530\RunArtifacts\runs\20260603-185716_bb82a8c45ce24311ba67a7cf001329c5\logs\Layer06Node09-26764.stderr.log
2026-06-03T18:57:35.5403992+00:00	WorkerEvent	BridgeL03L04	WorkerOnline; ExitCode=0; online
2026-06-03T18:57:35.5413863+00:00	WorkerEvent	Layer03Node06.refresh-l03-n06	GrantAccepted; ExitCode=0; 
2026-06-03T18:57:35.5420966+00:00	WorkerProcessExited	Layer03Node03	ExitCode=0; worker process exited
2026-06-03T18:57:35.5438151+00:00	WorkerResuming	BridgeL05L06	ResumeTaskId=BridgeL05L06.bridge-l05-l06-collect; Executable=meta-pipeline
2026-06-03T18:57:35.6816244+00:00	WorkerStarted	BridgeL05L06	17012
2026-06-03T18:57:35.6820926+00:00	WorkerControlPipe	BridgeL05L06	meta-orchestration-b2f47e4b35b44f7cb06f477e2c47358e
2026-06-03T18:57:35.6824032+00:00	WorkerLog	BridgeL05L06	stdout=C:\Users\jimmy\Desktop\meta-bi\Samples\Demos\MetaOrchestrationHairballCliIntegration\Runs\hairball-seed-20260530\RunArtifacts\runs\20260603-185716_bb82a8c45ce24311ba67a7cf001329c5\logs\BridgeL05L06-17012.stdout.log; stderr=C:\Users\jimmy\Desktop\meta-bi\Samples\Demos\MetaOrchestrationHairballCliIntegration\Runs\hairball-seed-20260530\RunArtifacts\runs\20260603-185716_bb82a8c45ce24311ba67a7cf001329c5\logs\BridgeL05L06-17012.stderr.log
2026-06-03T18:57:35.6847744+00:00	WorkerEvent	BridgeL03L04	WorkerReady; ExitCode=0; ready
2026-06-03T18:57:35.6857929+00:00	StartPipeline	BridgeL03L04	BridgeL03L04
2026-06-03T18:57:35.6865736+00:00	WorkerEvent	Layer04Node03	PipelineStarted; ExitCode=0; pipeline started
2026-06-03T18:57:35.6873491+00:00	WorkerEvent	Layer03Node06.refresh-l03-n06	TaskStarted; ExitCode=0; 
2026-06-03T18:57:35.6880941+00:00	WorkerEvent	Layer04Node03.refresh-l04-n03	TaskReady; ExitCode=0; 
2026-06-03T18:57:35.6889117+00:00	WorkerEvent	Layer06Node09	WorkerOnline; ExitCode=0; online
2026-06-03T18:57:35.6917357+00:00	GrantTask	Layer04Node03.refresh-l04-n03	Layer04Node03.refresh-l04-n03; GrantId=grant-35; Attempt=1
2026-06-03T18:57:35.6922031+00:00	WorkerEvent	Layer04Node03.refresh-l04-n03	GrantAccepted; ExitCode=0; 
2026-06-03T18:57:35.6929505+00:00	WorkerEvent	Layer06Node09	WorkerReady; ExitCode=0; ready
2026-06-03T18:57:35.6953366+00:00	StartPipeline	Layer06Node09	Layer06Node09
2026-06-03T18:57:35.6961669+00:00	WorkerEvent	Layer04Node03.refresh-l04-n03	TaskStarted; ExitCode=0; 
2026-06-03T18:57:35.7183393+00:00	WorkerEvent	BridgeL05L06	WorkerOnline; ExitCode=0; online
2026-06-03T18:57:35.7210617+00:00	WorkerEvent	BridgeL05L06	WorkerReady; ExitCode=0; ready
2026-06-03T18:57:35.7315896+00:00	StartPipeline	BridgeL05L06	BridgeL05L06
2026-06-03T18:57:35.7968068+00:00	WorkerEvent	Layer06Node06	PipelineStarted; ExitCode=0; pipeline started
2026-06-03T18:57:35.8008355+00:00	WorkerEvent	Layer06Node06.select-l06-n06	TaskReady; ExitCode=0; 
2026-06-03T18:57:35.8045050+00:00	GrantTask	Layer06Node06.select-l06-n06	Layer06Node06.select-l06-n06; GrantId=grant-36; Attempt=1
2026-06-03T18:57:35.8079277+00:00	WorkerEvent	Layer06Node06.select-l06-n06	GrantAccepted; ExitCode=0; 
2026-06-03T18:57:35.8440495+00:00	WorkerEvent	Layer06Node06.select-l06-n06	TaskStarted; ExitCode=0; 
2026-06-03T18:57:35.9584405+00:00	WorkerEvent	Layer02Node07.refresh-l02-n07	TaskSucceeded; ExitCode=0; 
2026-06-03T18:57:35.9595712+00:00	TaskSucceeded	Layer02Node07.refresh-l02-n07	0
2026-06-03T18:57:35.9601755+00:00	WorkerEvent	AuditHairball	PipelineStarted; ExitCode=0; pipeline started
2026-06-03T18:57:35.9608778+00:00	WorkerEvent	Layer02Node07	Closed; ExitCode=-1; worker control channel closed
2026-06-03T18:57:35.9619127+00:00	PipelineCompleted	Layer02Node07	
2026-06-03T18:57:35.9622798+00:00	WorkerEvent	AuditHairball.audit-hairball	TaskReady; ExitCode=0; 
2026-06-03T18:57:35.9644706+00:00	GrantTask	Layer02Hub.hub-l02-stage	Layer02Hub.hub-l02-stage; GrantId=grant-37; Attempt=1
2026-06-03T18:57:35.9648983+00:00	WorkerStarting	Layer03Hub	meta-pipeline
2026-06-03T18:57:36.0986543+00:00	WorkerStarted	Layer03Hub	22000
2026-06-03T18:57:36.0992391+00:00	WorkerControlPipe	Layer03Hub	meta-orchestration-f692461c78ab46969d2515da80f8a989
2026-06-03T18:57:36.1004918+00:00	WorkerLog	Layer03Hub	stdout=C:\Users\jimmy\Desktop\meta-bi\Samples\Demos\MetaOrchestrationHairballCliIntegration\Runs\hairball-seed-20260530\RunArtifacts\runs\20260603-185716_bb82a8c45ce24311ba67a7cf001329c5\logs\Layer03Hub-22000.stdout.log; stderr=C:\Users\jimmy\Desktop\meta-bi\Samples\Demos\MetaOrchestrationHairballCliIntegration\Runs\hairball-seed-20260530\RunArtifacts\runs\20260603-185716_bb82a8c45ce24311ba67a7cf001329c5\logs\Layer03Hub-22000.stderr.log
2026-06-03T18:57:36.1012473+00:00	WorkerEvent	Layer02Hub.hub-l02-stage	GrantAccepted; ExitCode=0; 
2026-06-03T18:57:36.1020148+00:00	WorkerProcessExited	Layer02Node07	ExitCode=0; worker process exited
2026-06-03T18:57:36.1024702+00:00	WorkerEvent	Layer02Hub.hub-l02-stage	TaskStarted; ExitCode=0; 
2026-06-03T18:57:36.1241315+00:00	WorkerEvent	Layer03Node06.refresh-l03-n06	TaskSucceeded; ExitCode=0; 
2026-06-03T18:57:36.1258733+00:00	TaskSucceeded	Layer03Node06.refresh-l03-n06	0
2026-06-03T18:57:36.1274167+00:00	WorkerDeferredForCapacity	AuditHairball	Deferred by orchestration to honor max active worker process capacity.
2026-06-03T18:57:36.1294142+00:00	StopPipeline	AuditHairball	Deferred by orchestration to honor max active worker process capacity.
2026-06-03T18:57:36.1299373+00:00	WorkerEvent	Layer03Hub	WorkerOnline; ExitCode=0; online
2026-06-03T18:57:36.1311122+00:00	WorkerDeferredForCapacity	BridgeL07L08	Deferred by orchestration to honor max active worker process capacity.
2026-06-03T18:57:36.1314879+00:00	StopPipeline	BridgeL07L08	Deferred by orchestration to honor max active worker process capacity.
2026-06-03T18:57:36.1319616+00:00	WorkerEvent	Layer03Hub	WorkerReady; ExitCode=0; ready
2026-06-03T18:57:36.1459953+00:00	StartPipeline	Layer03Hub	Layer03Hub
2026-06-03T18:57:36.1468626+00:00	WorkerEvent	AuditHairball	Closed; ExitCode=0; worker control channel closed
2026-06-03T18:57:36.1473230+00:00	WorkerProcessExited	AuditHairball	ExitCode=0; worker control channel closed
2026-06-03T18:57:36.1480762+00:00	WorkerDeferred	AuditHairball	ResumeTaskId=AuditHairball.audit-hairball
2026-06-03T18:57:36.1484015+00:00	WorkerEvent	BridgeL07L08	Closed; ExitCode=0; worker control channel closed
2026-06-03T18:57:36.1486737+00:00	WorkerProcessExited	BridgeL07L08	ExitCode=0; worker control channel closed
2026-06-03T18:57:36.1494791+00:00	WorkerDeferred	BridgeL07L08	ResumeTaskId=BridgeL07L08.bridge-l07-l08-collect
2026-06-03T18:57:36.1497562+00:00	WorkerEvent	Layer03Node06	Closed; ExitCode=-1; worker control channel closed
2026-06-03T18:57:36.1500017+00:00	WorkerProcessExited	Layer03Node06	ExitCode=0; worker control channel closed
2026-06-03T18:57:36.1505402+00:00	PipelineCompleted	Layer03Node06	
2026-06-03T18:57:36.1513500+00:00	WorkerStarting	Layer03Node07	meta-pipeline
2026-06-03T18:57:36.2993600+00:00	WorkerStarted	Layer03Node07	28064
2026-06-03T18:57:36.3000327+00:00	WorkerControlPipe	Layer03Node07	meta-orchestration-0716f948309a4b01b72864881432c6fd
2026-06-03T18:57:36.3004264+00:00	WorkerLog	Layer03Node07	stdout=C:\Users\jimmy\Desktop\meta-bi\Samples\Demos\MetaOrchestrationHairballCliIntegration\Runs\hairball-seed-20260530\RunArtifacts\runs\20260603-185716_bb82a8c45ce24311ba67a7cf001329c5\logs\Layer03Node07-28064.stdout.log; stderr=C:\Users\jimmy\Desktop\meta-bi\Samples\Demos\MetaOrchestrationHairballCliIntegration\Runs\hairball-seed-20260530\RunArtifacts\runs\20260603-185716_bb82a8c45ce24311ba67a7cf001329c5\logs\Layer03Node07-28064.stderr.log
2026-06-03T18:57:36.3008645+00:00	WorkerEvent	Layer04Node03.refresh-l04-n03	TaskSucceeded; ExitCode=0; 
2026-06-03T18:57:36.3016193+00:00	TaskSucceeded	Layer04Node03.refresh-l04-n03	0
2026-06-03T18:57:36.3020672+00:00	WorkerEvent	BridgeL01L02	PipelineStarted; ExitCode=0; pipeline started
2026-06-03T18:57:36.3028449+00:00	WorkerProcessExited	Layer04Node03	ExitCode=0; worker process exited
2026-06-03T18:57:36.3076081+00:00	PipelineCompleted	Layer04Node03	
2026-06-03T18:57:36.3080569+00:00	WorkerEvent	BridgeL01L02.bridge-l01-l02-collect	TaskReady; ExitCode=0; 
2026-06-03T18:57:36.3101958+00:00	WorkerResuming	AuditHairball	ResumeTaskId=AuditHairball.audit-hairball; Executable=meta-pipeline
2026-06-03T18:57:36.4239409+00:00	WorkerStarted	AuditHairball	21252
2026-06-03T18:57:36.4245117+00:00	WorkerControlPipe	AuditHairball	meta-orchestration-7e0b0ee8e37a41c0821a346bd9e11787
2026-06-03T18:57:36.4248141+00:00	WorkerLog	AuditHairball	stdout=C:\Users\jimmy\Desktop\meta-bi\Samples\Demos\MetaOrchestrationHairballCliIntegration\Runs\hairball-seed-20260530\RunArtifacts\runs\20260603-185716_bb82a8c45ce24311ba67a7cf001329c5\logs\AuditHairball-21252.stdout.log; stderr=C:\Users\jimmy\Desktop\meta-bi\Samples\Demos\MetaOrchestrationHairballCliIntegration\Runs\hairball-seed-20260530\RunArtifacts\runs\20260603-185716_bb82a8c45ce24311ba67a7cf001329c5\logs\AuditHairball-21252.stderr.log
2026-06-03T18:57:36.4252814+00:00	WorkerEvent	Layer03Node07	WorkerOnline; ExitCode=0; online
2026-06-03T18:57:36.4260478+00:00	WorkerEvent	Layer06Node06.select-l06-n06	TaskSucceeded; ExitCode=0; 
2026-06-03T18:57:36.4266828+00:00	TaskSucceeded	Layer06Node06.select-l06-n06	0
2026-06-03T18:57:36.4270495+00:00	WorkerEvent	Layer03Node07	WorkerReady; ExitCode=0; ready
2026-06-03T18:57:36.4326719+00:00	StartPipeline	Layer03Node07	Layer03Node07
2026-06-03T18:57:36.4336448+00:00	WorkerProcessExited	Layer06Node06	ExitCode=0; worker process exited
2026-06-03T18:57:36.4344342+00:00	PipelineCompleted	Layer06Node06	
2026-06-03T18:57:36.4368620+00:00	WorkerResuming	BridgeL07L08	ResumeTaskId=BridgeL07L08.bridge-l07-l08-collect; Executable=meta-pipeline
2026-06-03T18:57:36.5525442+00:00	WorkerStarted	BridgeL07L08	15752
2026-06-03T18:57:36.5529887+00:00	WorkerControlPipe	BridgeL07L08	meta-orchestration-e2847d066fb5498b9968a36ffee89ace
2026-06-03T18:57:36.5532923+00:00	WorkerLog	BridgeL07L08	stdout=C:\Users\jimmy\Desktop\meta-bi\Samples\Demos\MetaOrchestrationHairballCliIntegration\Runs\hairball-seed-20260530\RunArtifacts\runs\20260603-185716_bb82a8c45ce24311ba67a7cf001329c5\logs\BridgeL07L08-15752.stdout.log; stderr=C:\Users\jimmy\Desktop\meta-bi\Samples\Demos\MetaOrchestrationHairballCliIntegration\Runs\hairball-seed-20260530\RunArtifacts\runs\20260603-185716_bb82a8c45ce24311ba67a7cf001329c5\logs\BridgeL07L08-15752.stderr.log
2026-06-03T18:57:36.5536912+00:00	WorkerEvent	AuditHairball	WorkerOnline; ExitCode=0; online
2026-06-03T18:57:36.5543753+00:00	WorkerEvent	Layer06Node09	PipelineStarted; ExitCode=0; pipeline started
2026-06-03T18:57:36.5551872+00:00	WorkerEvent	AuditHairball	WorkerReady; ExitCode=0; ready
2026-06-03T18:57:36.5587231+00:00	StartPipeline	AuditHairball	AuditHairball
2026-06-03T18:57:36.5598180+00:00	WorkerEvent	Layer06Node09.select-l06-n09	TaskReady; ExitCode=0; 
2026-06-03T18:57:36.5620084+00:00	GrantTask	Layer06Node09.select-l06-n09	Layer06Node09.select-l06-n09; GrantId=grant-38; Attempt=1
2026-06-03T18:57:36.5624265+00:00	WorkerStarting	Layer03Node01	meta-pipeline
2026-06-03T18:57:36.6599922+00:00	WorkerStarted	Layer03Node01	15932
2026-06-03T18:57:36.6603233+00:00	WorkerControlPipe	Layer03Node01	meta-orchestration-ec5f603bf82e4b309ad7266f3a6f0284
2026-06-03T18:57:36.6606217+00:00	WorkerLog	Layer03Node01	stdout=C:\Users\jimmy\Desktop\meta-bi\Samples\Demos\MetaOrchestrationHairballCliIntegration\Runs\hairball-seed-20260530\RunArtifacts\runs\20260603-185716_bb82a8c45ce24311ba67a7cf001329c5\logs\Layer03Node01-15932.stdout.log; stderr=C:\Users\jimmy\Desktop\meta-bi\Samples\Demos\MetaOrchestrationHairballCliIntegration\Runs\hairball-seed-20260530\RunArtifacts\runs\20260603-185716_bb82a8c45ce24311ba67a7cf001329c5\logs\Layer03Node01-15932.stderr.log
2026-06-03T18:57:36.6609875+00:00	WorkerEvent	Layer02Hub.hub-l02-stage	TaskSucceeded; ExitCode=0; 
2026-06-03T18:57:36.6616330+00:00	TaskSucceeded	Layer02Hub.hub-l02-stage	0
2026-06-03T18:57:36.6620768+00:00	WorkerEvent	Layer06Node09.select-l06-n09	GrantAccepted; ExitCode=0; 
2026-06-03T18:57:36.6630833+00:00	WorkerEvent	Layer02Hub.hub-l02-curate	TaskReady; ExitCode=0; 
2026-06-03T18:57:36.6637766+00:00	WorkerEvent	Layer06Node09.select-l06-n09	TaskStarted; ExitCode=0; 
2026-06-03T18:57:36.6644296+00:00	WorkerEvent	BridgeL07L08	WorkerOnline; ExitCode=0; online
2026-06-03T18:57:36.6671833+00:00	GrantTask	Layer02Hub.hub-l02-curate	Layer02Hub.hub-l02-curate; GrantId=grant-39; Attempt=1
2026-06-03T18:57:36.6676464+00:00	WorkerStarting	Layer03Node04	meta-pipeline
2026-06-03T18:57:36.8065525+00:00	WorkerStarted	Layer03Node04	29768
2026-06-03T18:57:36.8071707+00:00	WorkerControlPipe	Layer03Node04	meta-orchestration-60f9622a5de64d6893ec02f0a4df832b
2026-06-03T18:57:36.8075524+00:00	WorkerLog	Layer03Node04	stdout=C:\Users\jimmy\Desktop\meta-bi\Samples\Demos\MetaOrchestrationHairballCliIntegration\Runs\hairball-seed-20260530\RunArtifacts\runs\20260603-185716_bb82a8c45ce24311ba67a7cf001329c5\logs\Layer03Node04-29768.stdout.log; stderr=C:\Users\jimmy\Desktop\meta-bi\Samples\Demos\MetaOrchestrationHairballCliIntegration\Runs\hairball-seed-20260530\RunArtifacts\runs\20260603-185716_bb82a8c45ce24311ba67a7cf001329c5\logs\Layer03Node04-29768.stderr.log
2026-06-03T18:57:36.8080923+00:00	WorkerEvent	Layer03Node01	WorkerOnline; ExitCode=0; online
2026-06-03T18:57:36.8089362+00:00	WorkerEvent	Layer02Hub.hub-l02-curate	GrantAccepted; ExitCode=0; 
2026-06-03T18:57:36.8096253+00:00	WorkerEvent	BridgeL07L08	WorkerReady; ExitCode=0; ready
2026-06-03T18:57:36.8104322+00:00	StartPipeline	BridgeL07L08	BridgeL07L08
2026-06-03T18:57:36.8111789+00:00	WorkerEvent	Layer03Node01	WorkerReady; ExitCode=0; ready
2026-06-03T18:57:36.8389711+00:00	StartPipeline	Layer03Node01	Layer03Node01
2026-06-03T18:57:36.8399383+00:00	WorkerEvent	BridgeL05L06	PipelineStarted; ExitCode=0; pipeline started
2026-06-03T18:57:36.8432116+00:00	WorkerEvent	Layer02Hub.hub-l02-curate	TaskStarted; ExitCode=0; 
2026-06-03T18:57:36.8507422+00:00	WorkerEvent	Layer03Node04	WorkerOnline; ExitCode=0; online
2026-06-03T18:57:36.8541315+00:00	WorkerEvent	BridgeL05L06.bridge-l05-l06-collect	TaskReady; ExitCode=0; 
2026-06-03T18:57:36.8562063+00:00	WorkerEvent	Layer03Node04	WorkerReady; ExitCode=0; ready
2026-06-03T18:57:36.8570403+00:00	StartPipeline	Layer03Node04	Layer03Node04
2026-06-03T18:57:36.9113964+00:00	WorkerEvent	BridgeL03L04	PipelineStarted; ExitCode=0; pipeline started
2026-06-03T18:57:36.9137348+00:00	WorkerEvent	BridgeL03L04.bridge-l03-l04-collect	TaskReady; ExitCode=0; 
2026-06-03T18:57:36.9921655+00:00	WorkerEvent	Layer02Hub.hub-l02-curate	TaskSucceeded; ExitCode=0; 
2026-06-03T18:57:36.9950532+00:00	TaskSucceeded	Layer02Hub.hub-l02-curate	0
2026-06-03T18:57:36.9962999+00:00	GrantTask	BridgeL01L02.bridge-l01-l02-collect	BridgeL01L02.bridge-l01-l02-collect; GrantId=grant-40; Attempt=1
2026-06-03T18:57:36.9967023+00:00	WorkerDeferredForCapacity	BridgeL03L04	Deferred by orchestration to honor max active worker process capacity.
2026-06-03T18:57:36.9970096+00:00	StopPipeline	BridgeL03L04	Deferred by orchestration to honor max active worker process capacity.
2026-06-03T18:57:37.0006857+00:00	WorkerEvent	Layer02Hub.hub-l02-publish	TaskReady; ExitCode=0; 
2026-06-03T18:57:37.0023153+00:00	GrantTask	Layer02Hub.hub-l02-publish	Layer02Hub.hub-l02-publish; GrantId=grant-41; Attempt=1
2026-06-03T18:57:37.0027204+00:00	WorkerDeferredForCapacity	BridgeL05L06	Deferred by orchestration to honor max active worker process capacity.
2026-06-03T18:57:37.0032205+00:00	StopPipeline	BridgeL05L06	Deferred by orchestration to honor max active worker process capacity.
2026-06-03T18:57:37.0102238+00:00	WorkerEvent	BridgeL01L02.bridge-l01-l02-collect	GrantAccepted; ExitCode=0; 
2026-06-03T18:57:37.0116623+00:00	WorkerDeferredForCapacity	CompositeMart	Deferred by orchestration to honor max active worker process capacity.
2026-06-03T18:57:37.0120523+00:00	StopPipeline	CompositeMart	Deferred by orchestration to honor max active worker process capacity.
2026-06-03T18:57:37.0125106+00:00	WorkerEvent	BridgeL03L04	Closed; ExitCode=0; worker control channel closed
2026-06-03T18:57:37.0128365+00:00	WorkerProcessExited	BridgeL03L04	ExitCode=0; worker control channel closed
2026-06-03T18:57:37.0135100+00:00	WorkerDeferred	BridgeL03L04	ResumeTaskId=BridgeL03L04.bridge-l03-l04-collect
2026-06-03T18:57:37.0138649+00:00	WorkerEvent	Layer02Hub.hub-l02-publish	GrantAccepted; ExitCode=0; 
2026-06-03T18:57:37.0145119+00:00	WorkerEvent	BridgeL01L02.bridge-l01-l02-collect	TaskStarted; ExitCode=0; 
2026-06-03T18:57:37.0155677+00:00	WorkerStarting	Layer04Node04	meta-pipeline
2026-06-03T18:57:37.2565280+00:00	WorkerStarted	Layer04Node04	4436
2026-06-03T18:57:37.2574103+00:00	WorkerControlPipe	Layer04Node04	meta-orchestration-5aab0c374ff94427bebcfb407cdc80ee
2026-06-03T18:57:37.2578132+00:00	WorkerLog	Layer04Node04	stdout=C:\Users\jimmy\Desktop\meta-bi\Samples\Demos\MetaOrchestrationHairballCliIntegration\Runs\hairball-seed-20260530\RunArtifacts\runs\20260603-185716_bb82a8c45ce24311ba67a7cf001329c5\logs\Layer04Node04-4436.stdout.log; stderr=C:\Users\jimmy\Desktop\meta-bi\Samples\Demos\MetaOrchestrationHairballCliIntegration\Runs\hairball-seed-20260530\RunArtifacts\runs\20260603-185716_bb82a8c45ce24311ba67a7cf001329c5\logs\Layer04Node04-4436.stderr.log
2026-06-03T18:57:37.2582423+00:00	WorkerEvent	BridgeL05L06	Closed; ExitCode=0; worker control channel closed
2026-06-03T18:57:37.2585542+00:00	WorkerProcessExited	BridgeL05L06	ExitCode=0; worker control channel closed
2026-06-03T18:57:37.2599394+00:00	WorkerDeferred	BridgeL05L06	ResumeTaskId=BridgeL05L06.bridge-l05-l06-collect
2026-06-03T18:57:37.2604564+00:00	WorkerEvent	CompositeMart	Closed; ExitCode=-1; worker control channel closed
2026-06-03T18:57:37.2613947+00:00	WorkerProcessExited	CompositeMart	ExitCode=0; worker control channel closed
2026-06-03T18:57:37.2631546+00:00	WorkerDeferred	CompositeMart	ResumeTaskId=CompositeMart.composite-stage
2026-06-03T18:57:37.2636289+00:00	WorkerEvent	Layer02Hub.hub-l02-publish	TaskStarted; ExitCode=0; 
2026-06-03T18:57:37.2642617+00:00	WorkerEvent	Layer03Node07	PipelineStarted; ExitCode=0; pipeline started
2026-06-03T18:57:37.2661937+00:00	WorkerResuming	BridgeL03L04	ResumeTaskId=BridgeL03L04.bridge-l03-l04-collect; Executable=meta-pipeline
2026-06-03T18:57:37.4469556+00:00	WorkerStarted	BridgeL03L04	12388
2026-06-03T18:57:37.4475615+00:00	WorkerControlPipe	BridgeL03L04	meta-orchestration-b2878226ed1049318a4e86333c0ae9b1
2026-06-03T18:57:37.4479209+00:00	WorkerLog	BridgeL03L04	stdout=C:\Users\jimmy\Desktop\meta-bi\Samples\Demos\MetaOrchestrationHairballCliIntegration\Runs\hairball-seed-20260530\RunArtifacts\runs\20260603-185716_bb82a8c45ce24311ba67a7cf001329c5\logs\BridgeL03L04-12388.stdout.log; stderr=C:\Users\jimmy\Desktop\meta-bi\Samples\Demos\MetaOrchestrationHairballCliIntegration\Runs\hairball-seed-20260530\RunArtifacts\runs\20260603-185716_bb82a8c45ce24311ba67a7cf001329c5\logs\BridgeL03L04-12388.stderr.log
2026-06-03T18:57:37.4484002+00:00	WorkerEvent	Layer04Node04	WorkerOnline; ExitCode=0; online
2026-06-03T18:57:37.4507180+00:00	WorkerEvent	AuditHairball	PipelineStarted; ExitCode=0; pipeline started
2026-06-03T18:57:37.4518080+00:00	WorkerEvent	Layer04Node04	WorkerReady; ExitCode=0; ready
2026-06-03T18:57:37.4618640+00:00	StartPipeline	Layer04Node04	Layer04Node04
2026-06-03T18:57:37.4629722+00:00	WorkerEvent	AuditHairball.audit-hairball	TaskReady; ExitCode=0; 
2026-06-03T18:57:37.4637330+00:00	WorkerEvent	Layer03Hub	PipelineStarted; ExitCode=0; pipeline started
2026-06-03T18:57:37.4658000+00:00	WorkerEvent	Layer02Hub.hub-l02-publish	TaskSucceeded; ExitCode=0; 
2026-06-03T18:57:37.4668648+00:00	TaskSucceeded	Layer02Hub.hub-l02-publish	0
2026-06-03T18:57:37.4675337+00:00	WorkerEvent	Layer03Node07.refresh-l03-n07	TaskReady; ExitCode=0; 
2026-06-03T18:57:37.4682647+00:00	WorkerEvent	Layer06Node09.select-l06-n09	TaskSucceeded; ExitCode=0; 
2026-06-03T18:57:37.4688903+00:00	TaskSucceeded	Layer06Node09.select-l06-n09	0
2026-06-03T18:57:37.4692220+00:00	WorkerProcessExited	Layer06Node09	ExitCode=0; worker process exited
2026-06-03T18:57:37.4698740+00:00	PipelineCompleted	Layer06Node09	
2026-06-03T18:57:37.4702901+00:00	WorkerEvent	Layer03Hub.hub-l03-stage	TaskReady; ExitCode=0; 
2026-06-03T18:57:37.4709323+00:00	WorkerProcessExited	Layer02Hub	ExitCode=0; worker process exited
2026-06-03T18:57:37.4715929+00:00	PipelineCompleted	Layer02Hub	
2026-06-03T18:57:37.4724237+00:00	GrantTask	Layer03Node07.refresh-l03-n07	Layer03Node07.refresh-l03-n07; GrantId=grant-42; Attempt=1
2026-06-03T18:57:37.4728120+00:00	WorkerStarting	Layer03Node08	meta-pipeline
2026-06-03T18:57:37.5982719+00:00	WorkerStarted	Layer03Node08	26756
2026-06-03T18:57:37.5991415+00:00	WorkerControlPipe	Layer03Node08	meta-orchestration-3c256c475da44e3794d3f29241e9fd6f
2026-06-03T18:57:37.5995417+00:00	WorkerLog	Layer03Node08	stdout=C:\Users\jimmy\Desktop\meta-bi\Samples\Demos\MetaOrchestrationHairballCliIntegration\Runs\hairball-seed-20260530\RunArtifacts\runs\20260603-185716_bb82a8c45ce24311ba67a7cf001329c5\logs\Layer03Node08-26756.stdout.log; stderr=C:\Users\jimmy\Desktop\meta-bi\Samples\Demos\MetaOrchestrationHairballCliIntegration\Runs\hairball-seed-20260530\RunArtifacts\runs\20260603-185716_bb82a8c45ce24311ba67a7cf001329c5\logs\Layer03Node08-26756.stderr.log
2026-06-03T18:57:37.6001958+00:00	WorkerEvent	BridgeL03L04	WorkerOnline; ExitCode=0; online
2026-06-03T18:57:37.6011800+00:00	WorkerEvent	Layer03Node07.refresh-l03-n07	GrantAccepted; ExitCode=0; 
2026-06-03T18:57:37.6044977+00:00	WorkerResuming	BridgeL05L06	ResumeTaskId=BridgeL05L06.bridge-l05-l06-collect; Executable=meta-pipeline
2026-06-03T18:57:37.7295513+00:00	WorkerStarted	BridgeL05L06	29644
2026-06-03T18:57:37.7299903+00:00	WorkerControlPipe	BridgeL05L06	meta-orchestration-568cdb50e29f4ba7b7f260e29007f0e3
2026-06-03T18:57:37.7303958+00:00	WorkerLog	BridgeL05L06	stdout=C:\Users\jimmy\Desktop\meta-bi\Samples\Demos\MetaOrchestrationHairballCliIntegration\Runs\hairball-seed-20260530\RunArtifacts\runs\20260603-185716_bb82a8c45ce24311ba67a7cf001329c5\logs\BridgeL05L06-29644.stdout.log; stderr=C:\Users\jimmy\Desktop\meta-bi\Samples\Demos\MetaOrchestrationHairballCliIntegration\Runs\hairball-seed-20260530\RunArtifacts\runs\20260603-185716_bb82a8c45ce24311ba67a7cf001329c5\logs\BridgeL05L06-29644.stderr.log
2026-06-03T18:57:37.7309176+00:00	WorkerEvent	BridgeL03L04	WorkerReady; ExitCode=0; ready
2026-06-03T18:57:37.7319505+00:00	StartPipeline	BridgeL03L04	BridgeL03L04
2026-06-03T18:57:37.7327606+00:00	WorkerEvent	Layer03Node07.refresh-l03-n07	TaskStarted; ExitCode=0; 
2026-06-03T18:57:37.7333689+00:00	WorkerEvent	BridgeL01L02.bridge-l01-l02-collect	TaskSucceeded; ExitCode=0; 
2026-06-03T18:57:37.7338937+00:00	TaskSucceeded	BridgeL01L02.bridge-l01-l02-collect	0
2026-06-03T18:57:37.7342257+00:00	WorkerEvent	Layer03Node08	WorkerOnline; ExitCode=0; online
2026-06-03T18:57:37.7347934+00:00	WorkerEvent	BridgeL01L02.bridge-l01-l02-north	TaskReady; ExitCode=0; 
2026-06-03T18:57:37.7353567+00:00	WorkerEvent	Layer03Node08	WorkerReady; ExitCode=0; ready
2026-06-03T18:57:37.7402725+00:00	StartPipeline	Layer03Node08	Layer03Node08
2026-06-03T18:57:37.7410906+00:00	WorkerEvent	Layer03Node01	PipelineStarted; ExitCode=0; pipeline started
2026-06-03T18:57:37.7430348+00:00	GrantTask	BridgeL01L02.bridge-l01-l02-north	BridgeL01L02.bridge-l01-l02-north; GrantId=grant-43; Attempt=1
2026-06-03T18:57:37.7434994+00:00	WorkerStarting	Layer08Node07	meta-pipeline
2026-06-03T18:57:37.8786641+00:00	WorkerStarted	Layer08Node07	28388
2026-06-03T18:57:37.8790170+00:00	WorkerControlPipe	Layer08Node07	meta-orchestration-bd738cc8186c4491a7ea7dd4a3e7fa3b
2026-06-03T18:57:37.8793149+00:00	WorkerLog	Layer08Node07	stdout=C:\Users\jimmy\Desktop\meta-bi\Samples\Demos\MetaOrchestrationHairballCliIntegration\Runs\hairball-seed-20260530\RunArtifacts\runs\20260603-185716_bb82a8c45ce24311ba67a7cf001329c5\logs\Layer08Node07-28388.stdout.log; stderr=C:\Users\jimmy\Desktop\meta-bi\Samples\Demos\MetaOrchestrationHairballCliIntegration\Runs\hairball-seed-20260530\RunArtifacts\runs\20260603-185716_bb82a8c45ce24311ba67a7cf001329c5\logs\Layer08Node07-28388.stderr.log
2026-06-03T18:57:37.8796718+00:00	WorkerEvent	Layer03Node04	PipelineStarted; ExitCode=0; pipeline started
2026-06-03T18:57:37.8805751+00:00	WorkerEvent	Layer03Node01.select-l03-n01	TaskReady; ExitCode=0; 
2026-06-03T18:57:37.8817626+00:00	WorkerEvent	BridgeL05L06	WorkerOnline; ExitCode=0; online
2026-06-03T18:57:37.8832024+00:00	WorkerEvent	BridgeL01L02.bridge-l01-l02-north	GrantAccepted; ExitCode=0; 
2026-06-03T18:57:37.8853624+00:00	GrantTask	Layer03Node01.select-l03-n01	Layer03Node01.select-l03-n01; GrantId=grant-44; Attempt=1
2026-06-03T18:57:37.8858308+00:00	WorkerEvent	Layer03Node04.select-l03-n04	TaskReady; ExitCode=0; 
2026-06-03T18:57:37.8866497+00:00	WorkerEvent	BridgeL05L06	WorkerReady; ExitCode=0; ready
2026-06-03T18:57:37.8889171+00:00	StartPipeline	BridgeL05L06	BridgeL05L06
2026-06-03T18:57:37.8899607+00:00	WorkerEvent	Layer03Node01.select-l03-n01	GrantAccepted; ExitCode=0; 
2026-06-03T18:57:37.8907084+00:00	WorkerEvent	BridgeL01L02.bridge-l01-l02-north	TaskStarted; ExitCode=0; 
2026-06-03T18:57:37.8928511+00:00	WorkerEvent	Layer03Node01.select-l03-n01	TaskStarted; ExitCode=0; 
2026-06-03T18:57:37.9171694+00:00	WorkerEvent	Layer08Node07	WorkerOnline; ExitCode=0; online
2026-06-03T18:57:37.9195771+00:00	WorkerEvent	Layer08Node07	WorkerReady; ExitCode=0; ready
2026-06-03T18:57:37.9345547+00:00	StartPipeline	Layer08Node07	Layer08Node07
2026-06-03T18:57:37.9692236+00:00	WorkerEvent	BridgeL07L08	PipelineStarted; ExitCode=0; pipeline started
2026-06-03T18:57:37.9730024+00:00	WorkerEvent	BridgeL07L08.bridge-l07-l08-collect	TaskReady; ExitCode=0; 
2026-06-03T18:57:38.0453338+00:00	WorkerEvent	BridgeL01L02.bridge-l01-l02-north	TaskSucceeded; ExitCode=0; 
2026-06-03T18:57:38.0463335+00:00	TaskSucceeded	BridgeL01L02.bridge-l01-l02-north	0
2026-06-03T18:57:38.0475974+00:00	GrantTask	Layer03Node04.select-l03-n04	Layer03Node04.select-l03-n04; GrantId=grant-45; Attempt=1
2026-06-03T18:57:38.0479734+00:00	WorkerDeferredForCapacity	AuditHairball	Deferred by orchestration to honor max active worker process capacity.
2026-06-03T18:57:38.0483823+00:00	StopPipeline	AuditHairball	Deferred by orchestration to honor max active worker process capacity.
2026-06-03T18:57:38.0498525+00:00	WorkerEvent	BridgeL01L02.bridge-l01-l02-south	TaskReady; ExitCode=0; 
2026-06-03T18:57:38.0514760+00:00	GrantTask	BridgeL01L02.bridge-l01-l02-south	BridgeL01L02.bridge-l01-l02-south; GrantId=grant-46; Attempt=1
2026-06-03T18:57:38.0520287+00:00	WorkerDeferredForCapacity	BridgeL07L08	Deferred by orchestration to honor max active worker process capacity.
2026-06-03T18:57:38.0523710+00:00	StopPipeline	BridgeL07L08	Deferred by orchestration to honor max active worker process capacity.
2026-06-03T18:57:38.0528762+00:00	WorkerEvent	Layer03Node04.select-l03-n04	GrantAccepted; ExitCode=0; 
2026-06-03T18:57:38.0536849+00:00	WorkerEvent	BridgeL01L02.bridge-l01-l02-south	GrantAccepted; ExitCode=0; 
2026-06-03T18:57:38.0544093+00:00	WorkerEvent	Layer03Node04.select-l03-n04	TaskStarted; ExitCode=0; 
2026-06-03T18:57:38.0558273+00:00	WorkerDeferredForCapacity	Layer03Hub	Deferred by orchestration to honor max active worker process capacity.
2026-06-03T18:57:38.0562503+00:00	StopPipeline	Layer03Hub	Deferred by orchestration to honor max active worker process capacity.
2026-06-03T18:57:38.0966583+00:00	WorkerEvent	AuditHairball	Closed; ExitCode=0; worker control channel closed
2026-06-03T18:57:38.0971065+00:00	WorkerProcessExited	AuditHairball	ExitCode=0; worker control channel closed
2026-06-03T18:57:38.0977288+00:00	WorkerDeferred	AuditHairball	ResumeTaskId=AuditHairball.audit-hairball
2026-06-03T18:57:38.0984945+00:00	WorkerEvent	Layer03Hub	Closed; ExitCode=0; worker control channel closed
2026-06-03T18:57:38.0988797+00:00	WorkerProcessExited	Layer03Hub	ExitCode=0; worker control channel closed
2026-06-03T18:57:38.0996058+00:00	WorkerDeferred	Layer03Hub	ResumeTaskId=Layer03Hub.hub-l03-stage
2026-06-03T18:57:38.0999226+00:00	WorkerEvent	BridgeL01L02.bridge-l01-l02-south	TaskStarted; ExitCode=0; 
2026-06-03T18:57:38.1006217+00:00	WorkerEvent	BridgeL07L08	Closed; ExitCode=0; worker control channel closed
2026-06-03T18:57:38.1009510+00:00	WorkerProcessExited	BridgeL07L08	ExitCode=0; worker control channel closed
2026-06-03T18:57:38.1018247+00:00	WorkerDeferred	BridgeL07L08	ResumeTaskId=BridgeL07L08.bridge-l07-l08-collect
2026-06-03T18:57:38.1057571+00:00	WorkerStarting	Layer03Node05	meta-pipeline
2026-06-03T18:57:38.2510779+00:00	WorkerStarted	Layer03Node05	1604
2026-06-03T18:57:38.2516078+00:00	WorkerControlPipe	Layer03Node05	meta-orchestration-3dc31a632ce344f4bb23c146c378e5d9
2026-06-03T18:57:38.2521103+00:00	WorkerLog	Layer03Node05	stdout=C:\Users\jimmy\Desktop\meta-bi\Samples\Demos\MetaOrchestrationHairballCliIntegration\Runs\hairball-seed-20260530\RunArtifacts\runs\20260603-185716_bb82a8c45ce24311ba67a7cf001329c5\logs\Layer03Node05-1604.stdout.log; stderr=C:\Users\jimmy\Desktop\meta-bi\Samples\Demos\MetaOrchestrationHairballCliIntegration\Runs\hairball-seed-20260530\RunArtifacts\runs\20260603-185716_bb82a8c45ce24311ba67a7cf001329c5\logs\Layer03Node05-1604.stderr.log
2026-06-03T18:57:38.2525474+00:00	WorkerEvent	Layer03Node07.refresh-l03-n07	TaskSucceeded; ExitCode=0; 
2026-06-03T18:57:38.2534001+00:00	TaskSucceeded	Layer03Node07.refresh-l03-n07	0
2026-06-03T18:57:38.2539246+00:00	WorkerEvent	BridgeL01L02.bridge-l01-l02-south	TaskSucceeded; ExitCode=0; 
2026-06-03T18:57:38.2548117+00:00	TaskSucceeded	BridgeL01L02.bridge-l01-l02-south	0
2026-06-03T18:57:38.2551353+00:00	WorkerProcessExited	Layer03Node07	ExitCode=0; worker process exited
2026-06-03T18:57:38.2557694+00:00	PipelineCompleted	Layer03Node07	
2026-06-03T18:57:38.2561650+00:00	WorkerProcessExited	BridgeL01L02	ExitCode=0; worker process exited
2026-06-03T18:57:38.2568854+00:00	PipelineCompleted	BridgeL01L02	
2026-06-03T18:57:38.2579016+00:00	WorkerStarting	Layer04Node06	meta-pipeline
2026-06-03T18:57:38.4243903+00:00	WorkerStarted	Layer04Node06	29716
2026-06-03T18:57:38.4248627+00:00	WorkerControlPipe	Layer04Node06	meta-orchestration-f9286926c7754f81850b83ce6234342c
2026-06-03T18:57:38.4252266+00:00	WorkerLog	Layer04Node06	stdout=C:\Users\jimmy\Desktop\meta-bi\Samples\Demos\MetaOrchestrationHairballCliIntegration\Runs\hairball-seed-20260530\RunArtifacts\runs\20260603-185716_bb82a8c45ce24311ba67a7cf001329c5\logs\Layer04Node06-29716.stdout.log; stderr=C:\Users\jimmy\Desktop\meta-bi\Samples\Demos\MetaOrchestrationHairballCliIntegration\Runs\hairball-seed-20260530\RunArtifacts\runs\20260603-185716_bb82a8c45ce24311ba67a7cf001329c5\logs\Layer04Node06-29716.stderr.log
2026-06-03T18:57:38.4256222+00:00	WorkerEvent	Layer04Node04	PipelineStarted; ExitCode=0; pipeline started
2026-06-03T18:57:38.4262789+00:00	WorkerEvent	Layer03Node05	WorkerOnline; ExitCode=0; online
2026-06-03T18:57:38.4271003+00:00	WorkerEvent	Layer04Node04.refresh-l04-n04	TaskReady; ExitCode=0; 
2026-06-03T18:57:38.4278188+00:00	WorkerEvent	Layer03Node05	WorkerReady; ExitCode=0; ready
2026-06-03T18:57:38.4342169+00:00	StartPipeline	Layer03Node05	Layer03Node05
2026-06-03T18:57:38.4455348+00:00	GrantTask	Layer04Node04.refresh-l04-n04	Layer04Node04.refresh-l04-n04; GrantId=grant-47; Attempt=1
2026-06-03T18:57:38.4475543+00:00	WorkerResuming	AuditHairball	ResumeTaskId=AuditHairball.audit-hairball; Executable=meta-pipeline
2026-06-03T18:57:38.6291226+00:00	WorkerStarted	AuditHairball	31160
2026-06-03T18:57:38.6297470+00:00	WorkerControlPipe	AuditHairball	meta-orchestration-b4e9cf1bbb064c94b19a1d56b42d66b3
2026-06-03T18:57:38.6301528+00:00	WorkerLog	AuditHairball	stdout=C:\Users\jimmy\Desktop\meta-bi\Samples\Demos\MetaOrchestrationHairballCliIntegration\Runs\hairball-seed-20260530\RunArtifacts\runs\20260603-185716_bb82a8c45ce24311ba67a7cf001329c5\logs\AuditHairball-31160.stdout.log; stderr=C:\Users\jimmy\Desktop\meta-bi\Samples\Demos\MetaOrchestrationHairballCliIntegration\Runs\hairball-seed-20260530\RunArtifacts\runs\20260603-185716_bb82a8c45ce24311ba67a7cf001329c5\logs\AuditHairball-31160.stderr.log
2026-06-03T18:57:38.6307920+00:00	WorkerEvent	Layer04Node04.refresh-l04-n04	GrantAccepted; ExitCode=0; 
2026-06-03T18:57:38.6330709+00:00	WorkerEvent	Layer03Node01.select-l03-n01	TaskSucceeded; ExitCode=0; 
2026-06-03T18:57:38.6345916+00:00	TaskSucceeded	Layer03Node01.select-l03-n01	0
2026-06-03T18:57:38.6371518+00:00	WorkerEvent	Layer04Node04.refresh-l04-n04	TaskStarted; ExitCode=0; 
2026-06-03T18:57:38.6382639+00:00	WorkerEvent	Layer04Node06	WorkerOnline; ExitCode=0; online
2026-06-03T18:57:38.6392968+00:00	WorkerProcessExited	Layer03Node01	ExitCode=0; worker process exited
2026-06-03T18:57:38.6401626+00:00	PipelineCompleted	Layer03Node01	
2026-06-03T18:57:38.6411805+00:00	WorkerStarting	Layer04Node09	meta-pipeline
2026-06-03T18:57:38.7581985+00:00	WorkerStarted	Layer04Node09	16008
2026-06-03T18:57:38.7585385+00:00	WorkerControlPipe	Layer04Node09	meta-orchestration-465f2689c41d4399a38416c6450246f9
2026-06-03T18:57:38.7589171+00:00	WorkerLog	Layer04Node09	stdout=C:\Users\jimmy\Desktop\meta-bi\Samples\Demos\MetaOrchestrationHairballCliIntegration\Runs\hairball-seed-20260530\RunArtifacts\runs\20260603-185716_bb82a8c45ce24311ba67a7cf001329c5\logs\Layer04Node09-16008.stdout.log; stderr=C:\Users\jimmy\Desktop\meta-bi\Samples\Demos\MetaOrchestrationHairballCliIntegration\Runs\hairball-seed-20260530\RunArtifacts\runs\20260603-185716_bb82a8c45ce24311ba67a7cf001329c5\logs\Layer04Node09-16008.stderr.log
2026-06-03T18:57:38.7593107+00:00	WorkerEvent	Layer03Node04.select-l03-n04	TaskSucceeded; ExitCode=0; 
2026-06-03T18:57:38.7599126+00:00	TaskSucceeded	Layer03Node04.select-l03-n04	0
2026-06-03T18:57:38.7604997+00:00	WorkerEvent	AuditHairball	WorkerOnline; ExitCode=0; online
2026-06-03T18:57:38.7611502+00:00	WorkerEvent	Layer04Node06	WorkerReady; ExitCode=0; ready
2026-06-03T18:57:38.7618117+00:00	StartPipeline	Layer04Node06	Layer04Node06
2026-06-03T18:57:38.7625689+00:00	WorkerEvent	AuditHairball	WorkerReady; ExitCode=0; ready
2026-06-03T18:57:38.7681742+00:00	StartPipeline	AuditHairball	AuditHairball
2026-06-03T18:57:38.7691268+00:00	WorkerEvent	Layer03Node08	PipelineStarted; ExitCode=0; pipeline started
2026-06-03T18:57:38.7698894+00:00	WorkerProcessExited	Layer03Node04	ExitCode=0; worker process exited
2026-06-03T18:57:38.7705592+00:00	PipelineCompleted	Layer03Node04	
2026-06-03T18:57:38.7709342+00:00	WorkerEvent	Layer03Node08.export-l03-n08	TaskReady; ExitCode=0; 
2026-06-03T18:57:38.7728770+00:00	GrantTask	Layer03Node08.export-l03-n08	Layer03Node08.export-l03-n08; GrantId=grant-48; Attempt=1
2026-06-03T18:57:38.7733389+00:00	WorkerStarting	Layer07Node02	meta-pipeline
2026-06-03T18:57:38.8980959+00:00	WorkerStarted	Layer07Node02	31372
2026-06-03T18:57:38.8986679+00:00	WorkerControlPipe	Layer07Node02	meta-orchestration-b755a8e731b044a28a559bbd0103ad6f
2026-06-03T18:57:38.8989939+00:00	WorkerLog	Layer07Node02	stdout=C:\Users\jimmy\Desktop\meta-bi\Samples\Demos\MetaOrchestrationHairballCliIntegration\Runs\hairball-seed-20260530\RunArtifacts\runs\20260603-185716_bb82a8c45ce24311ba67a7cf001329c5\logs\Layer07Node02-31372.stdout.log; stderr=C:\Users\jimmy\Desktop\meta-bi\Samples\Demos\MetaOrchestrationHairballCliIntegration\Runs\hairball-seed-20260530\RunArtifacts\runs\20260603-185716_bb82a8c45ce24311ba67a7cf001329c5\logs\Layer07Node02-31372.stderr.log
2026-06-03T18:57:38.8994690+00:00	WorkerEvent	Layer08Node07	PipelineStarted; ExitCode=0; pipeline started
2026-06-03T18:57:38.9001369+00:00	WorkerEvent	Layer04Node09	WorkerOnline; ExitCode=0; online
2026-06-03T18:57:38.9009267+00:00	WorkerEvent	Layer03Node08.export-l03-n08	GrantAccepted; ExitCode=0; 
2026-06-03T18:57:38.9029325+00:00	WorkerResuming	BridgeL07L08	ResumeTaskId=BridgeL07L08.bridge-l07-l08-collect; Executable=meta-pipeline
2026-06-03T18:57:39.0698829+00:00	WorkerStarted	BridgeL07L08	24596
2026-06-03T18:57:39.0708019+00:00	WorkerControlPipe	BridgeL07L08	meta-orchestration-2f8e305381ab4e08a1088def115ebf95
2026-06-03T18:57:39.0712349+00:00	WorkerLog	BridgeL07L08	stdout=C:\Users\jimmy\Desktop\meta-bi\Samples\Demos\MetaOrchestrationHairballCliIntegration\Runs\hairball-seed-20260530\RunArtifacts\runs\20260603-185716_bb82a8c45ce24311ba67a7cf001329c5\logs\BridgeL07L08-24596.stdout.log; stderr=C:\Users\jimmy\Desktop\meta-bi\Samples\Demos\MetaOrchestrationHairballCliIntegration\Runs\hairball-seed-20260530\RunArtifacts\runs\20260603-185716_bb82a8c45ce24311ba67a7cf001329c5\logs\BridgeL07L08-24596.stderr.log
2026-06-03T18:57:39.0717542+00:00	WorkerEvent	Layer07Node02	WorkerOnline; ExitCode=0; online
2026-06-03T18:57:39.0728635+00:00	WorkerEvent	Layer08Node07.select-l08-n07	TaskReady; ExitCode=0; 
2026-06-03T18:57:39.0769615+00:00	WorkerEvent	Layer07Node02	WorkerReady; ExitCode=0; ready
2026-06-03T18:57:39.0818721+00:00	StartPipeline	Layer07Node02	Layer07Node02
2026-06-03T18:57:39.0841836+00:00	WorkerEvent	BridgeL03L04	PipelineStarted; ExitCode=0; pipeline started
2026-06-03T18:57:39.0850495+00:00	WorkerEvent	Layer04Node09	WorkerReady; ExitCode=0; ready
2026-06-03T18:57:39.0857971+00:00	StartPipeline	Layer04Node09	Layer04Node09
2026-06-03T18:57:39.0864621+00:00	WorkerEvent	BridgeL03L04.bridge-l03-l04-collect	TaskReady; ExitCode=0; 
2026-06-03T18:57:39.0871626+00:00	WorkerEvent	Layer03Node08.export-l03-n08	TaskStarted; ExitCode=0; 
2026-06-03T18:57:39.0900286+00:00	GrantTask	Layer08Node07.select-l08-n07	Layer08Node07.select-l08-n07; GrantId=grant-49; Attempt=1
2026-06-03T18:57:39.0904756+00:00	WorkerResuming	CompositeMart	ResumeTaskId=CompositeMart.composite-stage; Executable=meta-pipeline
2026-06-03T18:57:39.2437142+00:00	WorkerStarted	CompositeMart	22948
2026-06-03T18:57:39.2441988+00:00	WorkerControlPipe	CompositeMart	meta-orchestration-f9d7bfcdf86a4940bce6477badd4cf91
2026-06-03T18:57:39.2445910+00:00	WorkerLog	CompositeMart	stdout=C:\Users\jimmy\Desktop\meta-bi\Samples\Demos\MetaOrchestrationHairballCliIntegration\Runs\hairball-seed-20260530\RunArtifacts\runs\20260603-185716_bb82a8c45ce24311ba67a7cf001329c5\logs\CompositeMart-22948.stdout.log; stderr=C:\Users\jimmy\Desktop\meta-bi\Samples\Demos\MetaOrchestrationHairballCliIntegration\Runs\hairball-seed-20260530\RunArtifacts\runs\20260603-185716_bb82a8c45ce24311ba67a7cf001329c5\logs\CompositeMart-22948.stderr.log
2026-06-03T18:57:39.2450544+00:00	WorkerEvent	Layer04Node04.refresh-l04-n04	TaskSucceeded; ExitCode=0; 
2026-06-03T18:57:39.2458989+00:00	TaskSucceeded	Layer04Node04.refresh-l04-n04	0
2026-06-03T18:57:39.2462940+00:00	WorkerEvent	Layer04Node04	Closed; ExitCode=-1; worker control channel closed
2026-06-03T18:57:39.2469150+00:00	PipelineCompleted	Layer04Node04	
2026-06-03T18:57:39.2551223+00:00	WorkerEvent	Layer08Node07.select-l08-n07	GrantAccepted; ExitCode=0; 
2026-06-03T18:57:39.2559253+00:00	WorkerEvent	BridgeL07L08	WorkerOnline; ExitCode=0; online
2026-06-03T18:57:39.2565759+00:00	WorkerEvent	BridgeL05L06	PipelineStarted; ExitCode=0; pipeline started
2026-06-03T18:57:39.2584207+00:00	WorkerResuming	Layer03Hub	ResumeTaskId=Layer03Hub.hub-l03-stage; Executable=meta-pipeline
2026-06-03T18:57:39.4109361+00:00	WorkerStarted	Layer03Hub	29784
2026-06-03T18:57:39.4114484+00:00	WorkerControlPipe	Layer03Hub	meta-orchestration-ebd31321a3c7484888fb6b5d64c05fe6
2026-06-03T18:57:39.4118178+00:00	WorkerLog	Layer03Hub	stdout=C:\Users\jimmy\Desktop\meta-bi\Samples\Demos\MetaOrchestrationHairballCliIntegration\Runs\hairball-seed-20260530\RunArtifacts\runs\20260603-185716_bb82a8c45ce24311ba67a7cf001329c5\logs\Layer03Hub-29784.stdout.log; stderr=C:\Users\jimmy\Desktop\meta-bi\Samples\Demos\MetaOrchestrationHairballCliIntegration\Runs\hairball-seed-20260530\RunArtifacts\runs\20260603-185716_bb82a8c45ce24311ba67a7cf001329c5\logs\Layer03Hub-29784.stderr.log
2026-06-03T18:57:39.4122511+00:00	WorkerEvent	CompositeMart	WorkerOnline; ExitCode=0; online
2026-06-03T18:57:39.4131004+00:00	WorkerEvent	Layer08Node07.select-l08-n07	TaskStarted; ExitCode=0; 
2026-06-03T18:57:39.4138871+00:00	WorkerEvent	CompositeMart	WorkerReady; ExitCode=0; ready
2026-06-03T18:57:39.4195976+00:00	StartPipeline	CompositeMart	CompositeMart
2026-06-03T18:57:39.4205665+00:00	WorkerEvent	BridgeL07L08	WorkerReady; ExitCode=0; ready
2026-06-03T18:57:39.4212943+00:00	StartPipeline	BridgeL07L08	BridgeL07L08
2026-06-03T18:57:39.4219372+00:00	WorkerEvent	BridgeL05L06.bridge-l05-l06-collect	TaskReady; ExitCode=0; 
2026-06-03T18:57:39.4226679+00:00	WorkerEvent	Layer03Node05	PipelineStarted; ExitCode=0; pipeline started
2026-06-03T18:57:39.4233673+00:00	WorkerProcessExited	Layer04Node04	ExitCode=0; worker process exited
2026-06-03T18:57:39.4254864+00:00	WorkerEvent	Layer03Node05.select-l03-n05	TaskReady; ExitCode=0; 
2026-06-03T18:57:39.4355474+00:00	GrantTask	Layer03Node05.select-l03-n05	Layer03Node05.select-l03-n05; GrantId=grant-50; Attempt=1
2026-06-03T18:57:39.4374970+00:00	WorkerEvent	Layer03Node05.select-l03-n05	GrantAccepted; ExitCode=0; 
2026-06-03T18:57:39.4398580+00:00	WorkerEvent	Layer03Node05.select-l03-n05	TaskStarted; ExitCode=0; 
2026-06-03T18:57:39.4432467+00:00	WorkerEvent	Layer03Hub	WorkerOnline; ExitCode=0; online
2026-06-03T18:57:39.4456610+00:00	WorkerEvent	Layer03Hub	WorkerReady; ExitCode=0; ready
2026-06-03T18:57:39.5159191+00:00	StartPipeline	Layer03Hub	Layer03Hub
2026-06-03T18:57:39.6215199+00:00	WorkerEvent	AuditHairball	PipelineStarted; ExitCode=0; pipeline started
2026-06-03T18:57:39.6241801+00:00	WorkerEvent	AuditHairball.audit-hairball	TaskReady; ExitCode=0; 
2026-06-03T18:57:39.6730475+00:00	WorkerEvent	Layer04Node06	PipelineStarted; ExitCode=0; pipeline started
2026-06-03T18:57:39.6754669+00:00	WorkerEvent	Layer04Node06.refresh-l04-n06	TaskReady; ExitCode=0; 
2026-06-03T18:57:39.6782907+00:00	GrantTask	Layer04Node06.refresh-l04-n06	Layer04Node06.refresh-l04-n06; GrantId=grant-51; Attempt=1
2026-06-03T18:57:39.6801285+00:00	WorkerEvent	Layer04Node06.refresh-l04-n06	GrantAccepted; ExitCode=0; 
2026-06-03T18:57:39.6827490+00:00	WorkerEvent	Layer04Node06.refresh-l04-n06	TaskStarted; ExitCode=0; 
2026-06-03T18:57:40.0218449+00:00	WorkerEvent	Layer07Node02	PipelineStarted; ExitCode=0; pipeline started
2026-06-03T18:57:40.0248785+00:00	WorkerEvent	Layer07Node02.select-l07-n02	TaskReady; ExitCode=0; 
2026-06-03T18:57:40.0281467+00:00	GrantTask	Layer07Node02.select-l07-n02	Layer07Node02.select-l07-n02; GrantId=grant-52; Attempt=1
2026-06-03T18:57:40.0301075+00:00	WorkerEvent	Layer07Node02.select-l07-n02	GrantAccepted; ExitCode=0; 
2026-06-03T18:57:40.0329864+00:00	WorkerEvent	Layer07Node02.select-l07-n02	TaskStarted; ExitCode=0; 
2026-06-03T18:57:40.1455402+00:00	WorkerEvent	Layer03Node08.export-l03-n08	TaskSucceeded; ExitCode=0; 
2026-06-03T18:57:40.1527215+00:00	TaskSucceeded	Layer03Node08.export-l03-n08	0
2026-06-03T18:57:40.1532381+00:00	WorkerEvent	Layer08Node07.select-l08-n07	TaskSucceeded; ExitCode=0; 
2026-06-03T18:57:40.1663763+00:00	TaskSucceeded	Layer08Node07.select-l08-n07	0
2026-06-03T18:57:40.1668975+00:00	WorkerProcessExited	Layer03Node08	ExitCode=0; worker process exited
2026-06-03T18:57:40.1678331+00:00	PipelineCompleted	Layer03Node08	
2026-06-03T18:57:40.1716736+00:00	WorkerStarting	Layer04Node07	meta-pipeline
2026-06-03T18:57:40.3426924+00:00	WorkerStarted	Layer04Node07	3340
2026-06-03T18:57:40.3431611+00:00	WorkerControlPipe	Layer04Node07	meta-orchestration-aad5e32c19e14ee08b64e3ab3b827668
2026-06-03T18:57:40.3435285+00:00	WorkerLog	Layer04Node07	stdout=C:\Users\jimmy\Desktop\meta-bi\Samples\Demos\MetaOrchestrationHairballCliIntegration\Runs\hairball-seed-20260530\RunArtifacts\runs\20260603-185716_bb82a8c45ce24311ba67a7cf001329c5\logs\Layer04Node07-3340.stdout.log; stderr=C:\Users\jimmy\Desktop\meta-bi\Samples\Demos\MetaOrchestrationHairballCliIntegration\Runs\hairball-seed-20260530\RunArtifacts\runs\20260603-185716_bb82a8c45ce24311ba67a7cf001329c5\logs\Layer04Node07-3340.stderr.log
2026-06-03T18:57:40.3440017+00:00	WorkerEvent	Layer04Node09	PipelineStarted; ExitCode=0; pipeline started
2026-06-03T18:57:40.3447680+00:00	WorkerEvent	Layer04Node06.refresh-l04-n06	TaskSucceeded; ExitCode=0; 
2026-06-03T18:57:40.3454789+00:00	TaskSucceeded	Layer04Node06.refresh-l04-n06	0
2026-06-03T18:57:40.3459376+00:00	WorkerEvent	Layer03Node05.select-l03-n05	TaskSucceeded; ExitCode=0; 
2026-06-03T18:57:40.3466878+00:00	TaskSucceeded	Layer03Node05.select-l03-n05	0
2026-06-03T18:57:40.3471366+00:00	WorkerProcessExited	Layer04Node06	ExitCode=0; worker process exited
2026-06-03T18:57:40.3479069+00:00	PipelineCompleted	Layer04Node06	
2026-06-03T18:57:40.3483231+00:00	WorkerProcessExited	Layer03Node05	ExitCode=0; worker process exited
2026-06-03T18:57:40.3489850+00:00	PipelineCompleted	Layer03Node05	
2026-06-03T18:57:40.3497383+00:00	WorkerEvent	Layer04Node09.select-l04-n09	TaskReady; ExitCode=0; 
2026-06-03T18:57:40.3507591+00:00	WorkerProcessExited	Layer08Node07	ExitCode=0; worker process exited
2026-06-03T18:57:40.3515180+00:00	PipelineCompleted	Layer08Node07	
2026-06-03T18:57:40.3527796+00:00	GrantTask	Layer04Node09.select-l04-n09	Layer04Node09.select-l04-n09; GrantId=grant-53; Attempt=1
2026-06-03T18:57:40.3533256+00:00	WorkerStarting	Layer06Node03	meta-pipeline
2026-06-03T18:57:40.4727522+00:00	WorkerStarted	Layer06Node03	24820
2026-06-03T18:57:40.4733477+00:00	WorkerControlPipe	Layer06Node03	meta-orchestration-3e6a37cbefdb4cadb793460566ff46ce
2026-06-03T18:57:40.4737819+00:00	WorkerLog	Layer06Node03	stdout=C:\Users\jimmy\Desktop\meta-bi\Samples\Demos\MetaOrchestrationHairballCliIntegration\Runs\hairball-seed-20260530\RunArtifacts\runs\20260603-185716_bb82a8c45ce24311ba67a7cf001329c5\logs\Layer06Node03-24820.stdout.log; stderr=C:\Users\jimmy\Desktop\meta-bi\Samples\Demos\MetaOrchestrationHairballCliIntegration\Runs\hairball-seed-20260530\RunArtifacts\runs\20260603-185716_bb82a8c45ce24311ba67a7cf001329c5\logs\Layer06Node03-24820.stderr.log
2026-06-03T18:57:40.4742779+00:00	WorkerEvent	Layer04Node07	WorkerOnline; ExitCode=0; online
2026-06-03T18:57:40.4750763+00:00	WorkerEvent	Layer04Node09.select-l04-n09	GrantAccepted; ExitCode=0; 
2026-06-03T18:57:40.4758248+00:00	WorkerEvent	Layer04Node07	WorkerReady; ExitCode=0; ready
2026-06-03T18:57:40.4826017+00:00	StartPipeline	Layer04Node07	Layer04Node07
2026-06-03T18:57:40.4837878+00:00	WorkerEvent	Layer04Node09.select-l04-n09	TaskStarted; ExitCode=0; 
2026-06-03T18:57:40.4918061+00:00	WorkerStarting	Layer04Hub	meta-pipeline
2026-06-03T18:57:40.5979822+00:00	WorkerStarted	Layer04Hub	20628
2026-06-03T18:57:40.5984567+00:00	WorkerControlPipe	Layer04Hub	meta-orchestration-cc4dd3783bf54479bd57e0404d483b3e
2026-06-03T18:57:40.5987972+00:00	WorkerLog	Layer04Hub	stdout=C:\Users\jimmy\Desktop\meta-bi\Samples\Demos\MetaOrchestrationHairballCliIntegration\Runs\hairball-seed-20260530\RunArtifacts\runs\20260603-185716_bb82a8c45ce24311ba67a7cf001329c5\logs\Layer04Hub-20628.stdout.log; stderr=C:\Users\jimmy\Desktop\meta-bi\Samples\Demos\MetaOrchestrationHairballCliIntegration\Runs\hairball-seed-20260530\RunArtifacts\runs\20260603-185716_bb82a8c45ce24311ba67a7cf001329c5\logs\Layer04Hub-20628.stderr.log
2026-06-03T18:57:40.5992197+00:00	WorkerEvent	Layer06Node03	WorkerOnline; ExitCode=0; online
2026-06-03T18:57:40.6013747+00:00	WorkerStarting	Layer04Node01	meta-pipeline
2026-06-03T18:57:40.7227615+00:00	WorkerStarted	Layer04Node01	12768
2026-06-03T18:57:40.7232773+00:00	WorkerControlPipe	Layer04Node01	meta-orchestration-2dbd00a32c2d40519108bcc138608183
2026-06-03T18:57:40.7238955+00:00	WorkerLog	Layer04Node01	stdout=C:\Users\jimmy\Desktop\meta-bi\Samples\Demos\MetaOrchestrationHairballCliIntegration\Runs\hairball-seed-20260530\RunArtifacts\runs\20260603-185716_bb82a8c45ce24311ba67a7cf001329c5\logs\Layer04Node01-12768.stdout.log; stderr=C:\Users\jimmy\Desktop\meta-bi\Samples\Demos\MetaOrchestrationHairballCliIntegration\Runs\hairball-seed-20260530\RunArtifacts\runs\20260603-185716_bb82a8c45ce24311ba67a7cf001329c5\logs\Layer04Node01-12768.stderr.log
2026-06-03T18:57:40.7244562+00:00	WorkerEvent	Layer07Node02.select-l07-n02	TaskSucceeded; ExitCode=0; 
2026-06-03T18:57:40.7259750+00:00	TaskSucceeded	Layer07Node02.select-l07-n02	0
2026-06-03T18:57:40.7265188+00:00	WorkerEvent	BridgeL07L08	PipelineStarted; ExitCode=0; pipeline started
2026-06-03T18:57:40.7272192+00:00	WorkerEvent	Layer04Hub	WorkerOnline; ExitCode=0; online
2026-06-03T18:57:40.7278855+00:00	WorkerEvent	Layer06Node03	WorkerReady; ExitCode=0; ready
2026-06-03T18:57:40.7285546+00:00	StartPipeline	Layer06Node03	Layer06Node03
2026-06-03T18:57:40.7312033+00:00	WorkerEvent	BridgeL07L08.bridge-l07-l08-collect	TaskReady; ExitCode=0; 
2026-06-03T18:57:40.7320376+00:00	WorkerEvent	Layer04Hub	WorkerReady; ExitCode=0; ready
2026-06-03T18:57:40.7359205+00:00	StartPipeline	Layer04Hub	Layer04Hub
2026-06-03T18:57:40.7383951+00:00	WorkerProcessExited	Layer07Node02	ExitCode=0; worker process exited
2026-06-03T18:57:40.7404866+00:00	PipelineCompleted	Layer07Node02	
2026-06-03T18:57:40.7424168+00:00	WorkerStarting	Layer04Node02	meta-pipeline
2026-06-03T18:57:40.8837627+00:00	WorkerStarted	Layer04Node02	27700
2026-06-03T18:57:40.8843521+00:00	WorkerControlPipe	Layer04Node02	meta-orchestration-2e2429d1547a41d6b55adafa20df69ef
2026-06-03T18:57:40.8847123+00:00	WorkerLog	Layer04Node02	stdout=C:\Users\jimmy\Desktop\meta-bi\Samples\Demos\MetaOrchestrationHairballCliIntegration\Runs\hairball-seed-20260530\RunArtifacts\runs\20260603-185716_bb82a8c45ce24311ba67a7cf001329c5\logs\Layer04Node02-27700.stdout.log; stderr=C:\Users\jimmy\Desktop\meta-bi\Samples\Demos\MetaOrchestrationHairballCliIntegration\Runs\hairball-seed-20260530\RunArtifacts\runs\20260603-185716_bb82a8c45ce24311ba67a7cf001329c5\logs\Layer04Node02-27700.stderr.log
2026-06-03T18:57:40.8851852+00:00	WorkerEvent	Layer03Hub	PipelineStarted; ExitCode=0; pipeline started
2026-06-03T18:57:40.8859867+00:00	WorkerEvent	Layer04Node01	WorkerOnline; ExitCode=0; online
2026-06-03T18:57:40.8882067+00:00	WorkerEvent	Layer03Hub.hub-l03-stage	TaskReady; ExitCode=0; 
2026-06-03T18:57:40.8889551+00:00	WorkerEvent	Layer04Node01	WorkerReady; ExitCode=0; ready
2026-06-03T18:57:40.8979077+00:00	StartPipeline	Layer04Node01	Layer04Node01
2026-06-03T18:57:40.8987207+00:00	WorkerEvent	CompositeMart	PipelineStarted; ExitCode=0; pipeline started
2026-06-03T18:57:40.9008193+00:00	GrantTask	Layer03Hub.hub-l03-stage	Layer03Hub.hub-l03-stage; GrantId=grant-54; Attempt=1
2026-06-03T18:57:40.9012298+00:00	WorkerEvent	CompositeMart.composite-stage	TaskReady; ExitCode=0; 
2026-06-03T18:57:40.9083018+00:00	WorkerEvent	Layer03Hub.hub-l03-stage	GrantAccepted; ExitCode=0; 
2026-06-03T18:57:40.9116090+00:00	WorkerEvent	Layer03Hub.hub-l03-stage	TaskStarted; ExitCode=0; 
2026-06-03T18:57:40.9186281+00:00	WorkerEvent	Layer04Node02	WorkerOnline; ExitCode=0; online
2026-06-03T18:57:40.9216984+00:00	WorkerEvent	Layer04Node02	WorkerReady; ExitCode=0; ready
2026-06-03T18:57:40.9345860+00:00	StartPipeline	Layer04Node02	Layer04Node02
2026-06-03T18:57:41.0281049+00:00	WorkerEvent	Layer04Node09.select-l04-n09	TaskSucceeded; ExitCode=0; 
2026-06-03T18:57:41.0295562+00:00	TaskSucceeded	Layer04Node09.select-l04-n09	0
2026-06-03T18:57:41.0353873+00:00	WorkerEvent	Layer04Node09	Closed; ExitCode=-1; worker control channel closed
2026-06-03T18:57:41.0361864+00:00	PipelineCompleted	Layer04Node09	
2026-06-03T18:57:41.0424993+00:00	WorkerStarting	Layer04Node05	meta-pipeline
2026-06-03T18:57:41.2221536+00:00	WorkerStarted	Layer04Node05	18992
2026-06-03T18:57:41.2226742+00:00	WorkerControlPipe	Layer04Node05	meta-orchestration-73379440a6d44188b52b550bf5d382e4
2026-06-03T18:57:41.2230557+00:00	WorkerLog	Layer04Node05	stdout=C:\Users\jimmy\Desktop\meta-bi\Samples\Demos\MetaOrchestrationHairballCliIntegration\Runs\hairball-seed-20260530\RunArtifacts\runs\20260603-185716_bb82a8c45ce24311ba67a7cf001329c5\logs\Layer04Node05-18992.stdout.log; stderr=C:\Users\jimmy\Desktop\meta-bi\Samples\Demos\MetaOrchestrationHairballCliIntegration\Runs\hairball-seed-20260530\RunArtifacts\runs\20260603-185716_bb82a8c45ce24311ba67a7cf001329c5\logs\Layer04Node05-18992.stderr.log
2026-06-03T18:57:41.2235993+00:00	WorkerProcessExited	Layer04Node09	ExitCode=0; worker process exited
2026-06-03T18:57:41.2465682+00:00	WorkerEvent	Layer04Node07	PipelineStarted; ExitCode=0; pipeline started
2026-06-03T18:57:41.2498450+00:00	WorkerEvent	Layer04Node07.refresh-l04-n07	TaskReady; ExitCode=0; 
2026-06-03T18:57:41.2528894+00:00	GrantTask	Layer04Node07.refresh-l04-n07	Layer04Node07.refresh-l04-n07; GrantId=grant-55; Attempt=1
2026-06-03T18:57:41.2533652+00:00	WorkerEvent	Layer04Node05	WorkerOnline; ExitCode=0; online
2026-06-03T18:57:41.2577311+00:00	WorkerEvent	Layer04Node07.refresh-l04-n07	GrantAccepted; ExitCode=0; 
2026-06-03T18:57:41.2589859+00:00	WorkerEvent	Layer04Node05	WorkerReady; ExitCode=0; ready
2026-06-03T18:57:41.2602032+00:00	StartPipeline	Layer04Node05	Layer04Node05
2026-06-03T18:57:41.2614814+00:00	WorkerEvent	Layer04Node07.refresh-l04-n07	TaskStarted; ExitCode=0; 
2026-06-03T18:57:41.4828438+00:00	WorkerEvent	Layer03Hub.hub-l03-stage	TaskSucceeded; ExitCode=0; 
2026-06-03T18:57:41.4840299+00:00	TaskSucceeded	Layer03Hub.hub-l03-stage	0
2026-06-03T18:57:41.4850677+00:00	WorkerDeferredForCapacity	AuditHairball	Deferred by orchestration to honor max active worker process capacity.
2026-06-03T18:57:41.4873852+00:00	StopPipeline	AuditHairball	Deferred by orchestration to honor max active worker process capacity.
2026-06-03T18:57:41.4879390+00:00	WorkerEvent	Layer03Hub.hub-l03-curate	TaskReady; ExitCode=0; 
2026-06-03T18:57:41.4943566+00:00	GrantTask	Layer03Hub.hub-l03-curate	Layer03Hub.hub-l03-curate; GrantId=grant-56; Attempt=1
2026-06-03T18:57:41.4948723+00:00	WorkerDeferredForCapacity	BridgeL03L04	Deferred by orchestration to honor max active worker process capacity.
2026-06-03T18:57:41.4951976+00:00	StopPipeline	BridgeL03L04	Deferred by orchestration to honor max active worker process capacity.
2026-06-03T18:57:41.4958383+00:00	WorkerEvent	Layer03Hub.hub-l03-curate	GrantAccepted; ExitCode=0; 
2026-06-03T18:57:41.4970177+00:00	WorkerEvent	AuditHairball	Closed; ExitCode=0; worker control channel closed
2026-06-03T18:57:41.4977184+00:00	WorkerProcessExited	AuditHairball	ExitCode=0; worker control channel closed
2026-06-03T18:57:41.4984486+00:00	WorkerDeferred	AuditHairball	ResumeTaskId=AuditHairball.audit-hairball
2026-06-03T18:57:41.4995882+00:00	WorkerStarting	Layer04Node08	meta-pipeline
2026-06-03T18:57:41.6490166+00:00	WorkerStarted	Layer04Node08	19156
2026-06-03T18:57:41.6493996+00:00	WorkerControlPipe	Layer04Node08	meta-orchestration-cc8e53963efc47e0887eb52b0f1572b2
2026-06-03T18:57:41.6496979+00:00	WorkerLog	Layer04Node08	stdout=C:\Users\jimmy\Desktop\meta-bi\Samples\Demos\MetaOrchestrationHairballCliIntegration\Runs\hairball-seed-20260530\RunArtifacts\runs\20260603-185716_bb82a8c45ce24311ba67a7cf001329c5\logs\Layer04Node08-19156.stdout.log; stderr=C:\Users\jimmy\Desktop\meta-bi\Samples\Demos\MetaOrchestrationHairballCliIntegration\Runs\hairball-seed-20260530\RunArtifacts\runs\20260603-185716_bb82a8c45ce24311ba67a7cf001329c5\logs\Layer04Node08-19156.stderr.log
2026-06-03T18:57:41.6501284+00:00	WorkerEvent	Layer03Hub.hub-l03-curate	TaskStarted; ExitCode=0; 
2026-06-03T18:57:41.6510134+00:00	WorkerEvent	BridgeL03L04	Closed; ExitCode=-1; worker control channel closed
2026-06-03T18:57:41.6525200+00:00	WorkerProcessExited	BridgeL03L04	ExitCode=0; worker control channel closed
2026-06-03T18:57:41.6533406+00:00	WorkerDeferred	BridgeL03L04	ResumeTaskId=BridgeL03L04.bridge-l03-l04-collect
2026-06-03T18:57:41.6537074+00:00	WorkerEvent	Layer03Hub.hub-l03-curate	TaskSucceeded; ExitCode=0; 
2026-06-03T18:57:41.6542695+00:00	TaskSucceeded	Layer03Hub.hub-l03-curate	0
2026-06-03T18:57:41.6546680+00:00	WorkerEvent	Layer06Node03	PipelineStarted; ExitCode=0; pipeline started
2026-06-03T18:57:41.6554009+00:00	WorkerEvent	Layer03Hub.hub-l03-publish	TaskReady; ExitCode=0; 
2026-06-03T18:57:41.6568377+00:00	GrantTask	Layer03Hub.hub-l03-publish	Layer03Hub.hub-l03-publish; GrantId=grant-57; Attempt=1
2026-06-03T18:57:41.6575634+00:00	WorkerStarting	Layer05Node03	meta-pipeline
2026-06-03T18:57:41.7511020+00:00	WorkerStarted	Layer05Node03	28352
2026-06-03T18:57:41.7514069+00:00	WorkerControlPipe	Layer05Node03	meta-orchestration-58aa884ce3f140b2bb8cefa7232890fb
2026-06-03T18:57:41.7516864+00:00	WorkerLog	Layer05Node03	stdout=C:\Users\jimmy\Desktop\meta-bi\Samples\Demos\MetaOrchestrationHairballCliIntegration\Runs\hairball-seed-20260530\RunArtifacts\runs\20260603-185716_bb82a8c45ce24311ba67a7cf001329c5\logs\Layer05Node03-28352.stdout.log; stderr=C:\Users\jimmy\Desktop\meta-bi\Samples\Demos\MetaOrchestrationHairballCliIntegration\Runs\hairball-seed-20260530\RunArtifacts\runs\20260603-185716_bb82a8c45ce24311ba67a7cf001329c5\logs\Layer05Node03-28352.stderr.log
2026-06-03T18:57:41.7520377+00:00	WorkerEvent	Layer04Node02	PipelineStarted; ExitCode=0; pipeline started
2026-06-03T18:57:41.7526761+00:00	WorkerEvent	Layer03Hub.hub-l03-publish	GrantAccepted; ExitCode=0; 
2026-06-03T18:57:41.7535489+00:00	WorkerEvent	Layer04Node02.export-l04-n02	TaskReady; ExitCode=0; 
2026-06-03T18:57:41.7541357+00:00	WorkerEvent	Layer03Hub.hub-l03-publish	TaskStarted; ExitCode=0; 
2026-06-03T18:57:41.7547937+00:00	WorkerEvent	Layer04Node07.refresh-l04-n07	TaskSucceeded; ExitCode=0; 
2026-06-03T18:57:41.7555252+00:00	TaskSucceeded	Layer04Node07.refresh-l04-n07	0
2026-06-03T18:57:41.7560244+00:00	WorkerEvent	Layer04Node08	WorkerOnline; ExitCode=0; online
2026-06-03T18:57:41.7565804+00:00	WorkerEvent	Layer04Node01	PipelineStarted; ExitCode=0; pipeline started
2026-06-03T18:57:41.7572022+00:00	WorkerEvent	Layer04Node08	WorkerReady; ExitCode=0; ready
2026-06-03T18:57:41.7603366+00:00	StartPipeline	Layer04Node08	Layer04Node08
2026-06-03T18:57:41.7612275+00:00	WorkerEvent	Layer04Node01.refresh-l04-n01	TaskReady; ExitCode=0; 
2026-06-03T18:57:41.7618015+00:00	WorkerEvent	Layer06Node03.select-l06-n03	TaskReady; ExitCode=0; 
2026-06-03T18:57:41.7623162+00:00	WorkerProcessExited	Layer04Node07	ExitCode=0; worker process exited
2026-06-03T18:57:41.7633290+00:00	PipelineCompleted	Layer04Node07	
2026-06-03T18:57:41.7649732+00:00	GrantTask	Layer04Node01.refresh-l04-n01	Layer04Node01.refresh-l04-n01; GrantId=grant-58; Attempt=1
2026-06-03T18:57:41.7654830+00:00	GrantTask	Layer04Node02.export-l04-n02	Layer04Node02.export-l04-n02; GrantId=grant-59; Attempt=1
2026-06-03T18:57:41.7659514+00:00	GrantTask	Layer06Node03.select-l06-n03	Layer06Node03.select-l06-n03; GrantId=grant-60; Attempt=1
2026-06-03T18:57:41.7662774+00:00	WorkerStarting	Layer07Node07	meta-pipeline
2026-06-03T18:57:41.8670414+00:00	WorkerStarted	Layer07Node07	26196
2026-06-03T18:57:41.8674137+00:00	WorkerControlPipe	Layer07Node07	meta-orchestration-9a8daff700824e2db6f67bd7bbcccc0a
2026-06-03T18:57:41.8676747+00:00	WorkerLog	Layer07Node07	stdout=C:\Users\jimmy\Desktop\meta-bi\Samples\Demos\MetaOrchestrationHairballCliIntegration\Runs\hairball-seed-20260530\RunArtifacts\runs\20260603-185716_bb82a8c45ce24311ba67a7cf001329c5\logs\Layer07Node07-26196.stdout.log; stderr=C:\Users\jimmy\Desktop\meta-bi\Samples\Demos\MetaOrchestrationHairballCliIntegration\Runs\hairball-seed-20260530\RunArtifacts\runs\20260603-185716_bb82a8c45ce24311ba67a7cf001329c5\logs\Layer07Node07-26196.stderr.log
2026-06-03T18:57:41.8680003+00:00	WorkerEvent	Layer04Node02.export-l04-n02	GrantAccepted; ExitCode=0; 
2026-06-03T18:57:41.8687684+00:00	WorkerEvent	Layer05Node03	WorkerOnline; ExitCode=0; online
2026-06-03T18:57:41.8696477+00:00	WorkerEvent	Layer04Hub	PipelineStarted; ExitCode=0; pipeline started
2026-06-03T18:57:41.8704631+00:00	WorkerEvent	Layer04Node01.refresh-l04-n01	GrantAccepted; ExitCode=0; 
2026-06-03T18:57:41.8710841+00:00	WorkerEvent	Layer06Node03.select-l06-n03	GrantAccepted; ExitCode=0; 
2026-06-03T18:57:41.8743681+00:00	WorkerEvent	Layer04Node02.export-l04-n02	TaskStarted; ExitCode=0; 
2026-06-03T18:57:41.8786495+00:00	WorkerEvent	Layer05Node03	WorkerReady; ExitCode=0; ready
2026-06-03T18:57:41.8794727+00:00	StartPipeline	Layer05Node03	Layer05Node03
2026-06-03T18:57:41.8802632+00:00	WorkerEvent	Layer04Hub.hub-l04-stage	TaskReady; ExitCode=0; 
2026-06-03T18:57:41.8810809+00:00	WorkerEvent	Layer04Node01.refresh-l04-n01	TaskStarted; ExitCode=0; 
2026-06-03T18:57:41.8818786+00:00	WorkerEvent	Layer06Node03.select-l06-n03	TaskStarted; ExitCode=0; 
2026-06-03T18:57:41.8940244+00:00	WorkerEvent	Layer07Node07	WorkerOnline; ExitCode=0; online
2026-06-03T18:57:41.8999510+00:00	WorkerEvent	Layer07Node07	WorkerReady; ExitCode=0; ready
2026-06-03T18:57:41.9044999+00:00	StartPipeline	Layer07Node07	Layer07Node07
2026-06-03T18:57:41.9110434+00:00	WorkerEvent	Layer03Hub.hub-l03-publish	TaskSucceeded; ExitCode=0; 
2026-06-03T18:57:41.9124060+00:00	TaskSucceeded	Layer03Hub.hub-l03-publish	0
2026-06-03T18:57:41.9143951+00:00	WorkerEvent	Layer03Hub	Closed; ExitCode=-1; worker control channel closed
2026-06-03T18:57:41.9155913+00:00	PipelineCompleted	Layer03Hub	
2026-06-03T18:57:41.9195725+00:00	WorkerStarting	Layer05Node02	meta-pipeline
2026-06-03T18:57:42.0439609+00:00	WorkerStarted	Layer05Node02	17228
2026-06-03T18:57:42.0443682+00:00	WorkerControlPipe	Layer05Node02	meta-orchestration-06adbee7e4d042cfb1710224c97c6949
2026-06-03T18:57:42.0477380+00:00	WorkerLog	Layer05Node02	stdout=C:\Users\jimmy\Desktop\meta-bi\Samples\Demos\MetaOrchestrationHairballCliIntegration\Runs\hairball-seed-20260530\RunArtifacts\runs\20260603-185716_bb82a8c45ce24311ba67a7cf001329c5\logs\Layer05Node02-17228.stdout.log; stderr=C:\Users\jimmy\Desktop\meta-bi\Samples\Demos\MetaOrchestrationHairballCliIntegration\Runs\hairball-seed-20260530\RunArtifacts\runs\20260603-185716_bb82a8c45ce24311ba67a7cf001329c5\logs\Layer05Node02-17228.stderr.log
2026-06-03T18:57:42.0493636+00:00	WorkerEvent	Layer04Node05	PipelineStarted; ExitCode=0; pipeline started
2026-06-03T18:57:42.0521471+00:00	WorkerProcessExited	Layer03Hub	ExitCode=0; worker process exited
2026-06-03T18:57:42.0547213+00:00	WorkerEvent	Layer04Node05.select-l04-n05	TaskReady; ExitCode=0; 
2026-06-03T18:57:42.0586283+00:00	GrantTask	Layer04Node05.select-l04-n05	Layer04Node05.select-l04-n05; GrantId=grant-61; Attempt=1
2026-06-03T18:57:42.0639042+00:00	WorkerEvent	Layer04Node05.select-l04-n05	GrantAccepted; ExitCode=0; 
2026-06-03T18:57:42.0695872+00:00	WorkerEvent	Layer04Node05.select-l04-n05	TaskStarted; ExitCode=0; 
2026-06-03T18:57:42.0802271+00:00	WorkerEvent	Layer05Node02	WorkerOnline; ExitCode=0; online
2026-06-03T18:57:42.0826888+00:00	WorkerEvent	Layer05Node02	WorkerReady; ExitCode=0; ready
2026-06-03T18:57:42.0901367+00:00	StartPipeline	Layer05Node02	Layer05Node02
2026-06-03T18:57:42.3356049+00:00	WorkerEvent	Layer04Node01.refresh-l04-n01	TaskSucceeded; ExitCode=0; 
2026-06-03T18:57:42.3410220+00:00	TaskSucceeded	Layer04Node01.refresh-l04-n01	0
2026-06-03T18:57:42.3416017+00:00	WorkerEvent	Layer04Node01	Closed; ExitCode=-1; worker control channel closed
2026-06-03T18:57:42.3424919+00:00	PipelineCompleted	Layer04Node01	
2026-06-03T18:57:42.3451734+00:00	WorkerResuming	AuditHairball	ResumeTaskId=AuditHairball.audit-hairball; Executable=meta-pipeline
2026-06-03T18:57:42.5234557+00:00	WorkerStarted	AuditHairball	12872
2026-06-03T18:57:42.5240572+00:00	WorkerControlPipe	AuditHairball	meta-orchestration-70cd722699da4c62afce092f9bb7cc26
2026-06-03T18:57:42.5244374+00:00	WorkerLog	AuditHairball	stdout=C:\Users\jimmy\Desktop\meta-bi\Samples\Demos\MetaOrchestrationHairballCliIntegration\Runs\hairball-seed-20260530\RunArtifacts\runs\20260603-185716_bb82a8c45ce24311ba67a7cf001329c5\logs\AuditHairball-12872.stdout.log; stderr=C:\Users\jimmy\Desktop\meta-bi\Samples\Demos\MetaOrchestrationHairballCliIntegration\Runs\hairball-seed-20260530\RunArtifacts\runs\20260603-185716_bb82a8c45ce24311ba67a7cf001329c5\logs\AuditHairball-12872.stderr.log
2026-06-03T18:57:42.5249008+00:00	WorkerEvent	Layer04Node02.export-l04-n02	TaskSucceeded; ExitCode=0; 
2026-06-03T18:57:42.5255432+00:00	TaskSucceeded	Layer04Node02.export-l04-n02	0
2026-06-03T18:57:42.5259156+00:00	WorkerEvent	Layer06Node03.select-l06-n03	TaskSucceeded; ExitCode=0; 
2026-06-03T18:57:42.5265020+00:00	TaskSucceeded	Layer06Node03.select-l06-n03	0
2026-06-03T18:57:42.5268307+00:00	WorkerProcessExited	Layer04Node01	ExitCode=0; worker process exited
2026-06-03T18:57:42.5271351+00:00	WorkerProcessExited	Layer06Node03	ExitCode=0; worker process exited
2026-06-03T18:57:42.5277171+00:00	PipelineCompleted	Layer06Node03	
2026-06-03T18:57:42.5340817+00:00	WorkerProcessExited	Layer04Node02	ExitCode=0; worker process exited
2026-06-03T18:57:42.5350920+00:00	PipelineCompleted	Layer04Node02	
2026-06-03T18:57:42.5362035+00:00	WorkerStarting	Layer05Node07	meta-pipeline
2026-06-03T18:57:42.6618244+00:00	WorkerStarted	Layer05Node07	29464
2026-06-03T18:57:42.6624857+00:00	WorkerControlPipe	Layer05Node07	meta-orchestration-3acbdea099d9443694411cf30de593e5
2026-06-03T18:57:42.6629807+00:00	WorkerLog	Layer05Node07	stdout=C:\Users\jimmy\Desktop\meta-bi\Samples\Demos\MetaOrchestrationHairballCliIntegration\Runs\hairball-seed-20260530\RunArtifacts\runs\20260603-185716_bb82a8c45ce24311ba67a7cf001329c5\logs\Layer05Node07-29464.stdout.log; stderr=C:\Users\jimmy\Desktop\meta-bi\Samples\Demos\MetaOrchestrationHairballCliIntegration\Runs\hairball-seed-20260530\RunArtifacts\runs\20260603-185716_bb82a8c45ce24311ba67a7cf001329c5\logs\Layer05Node07-29464.stderr.log
2026-06-03T18:57:42.6638813+00:00	WorkerEvent	Layer05Node03	PipelineStarted; ExitCode=0; pipeline started
2026-06-03T18:57:42.6649078+00:00	WorkerEvent	Layer04Node05.select-l04-n05	TaskSucceeded; ExitCode=0; 
2026-06-03T18:57:42.6655846+00:00	TaskSucceeded	Layer04Node05.select-l04-n05	0
2026-06-03T18:57:42.6659594+00:00	WorkerEvent	Layer05Node03.refresh-l05-n03	TaskReady; ExitCode=0; 
2026-06-03T18:57:42.6665061+00:00	WorkerEvent	Layer04Node08	PipelineStarted; ExitCode=0; pipeline started
2026-06-03T18:57:42.6671691+00:00	WorkerEvent	AuditHairball	WorkerOnline; ExitCode=0; online
2026-06-03T18:57:42.6677604+00:00	WorkerEvent	Layer04Node08.select-l04-n08	TaskReady; ExitCode=0; 
2026-06-03T18:57:42.6695244+00:00	WorkerEvent	AuditHairball	WorkerReady; ExitCode=0; ready
2026-06-03T18:57:42.6732661+00:00	StartPipeline	AuditHairball	AuditHairball
2026-06-03T18:57:42.6744805+00:00	WorkerProcessExited	Layer04Node05	ExitCode=0; worker process exited
2026-06-03T18:57:42.6755242+00:00	PipelineCompleted	Layer04Node05	
2026-06-03T18:57:42.6777805+00:00	GrantTask	Layer04Node08.select-l04-n08	Layer04Node08.select-l04-n08; GrantId=grant-62; Attempt=1
2026-06-03T18:57:42.6784266+00:00	GrantTask	Layer05Node03.refresh-l05-n03	Layer05Node03.refresh-l05-n03; GrantId=grant-63; Attempt=1
2026-06-03T18:57:42.6788073+00:00	WorkerStarting	Layer07Node04	meta-pipeline
2026-06-03T18:57:42.7790724+00:00	WorkerStarted	Layer07Node04	25312
2026-06-03T18:57:42.7796118+00:00	WorkerControlPipe	Layer07Node04	meta-orchestration-7b715d46eae14b53b2f8a17940b7fb0f
2026-06-03T18:57:42.7800752+00:00	WorkerLog	Layer07Node04	stdout=C:\Users\jimmy\Desktop\meta-bi\Samples\Demos\MetaOrchestrationHairballCliIntegration\Runs\hairball-seed-20260530\RunArtifacts\runs\20260603-185716_bb82a8c45ce24311ba67a7cf001329c5\logs\Layer07Node04-25312.stdout.log; stderr=C:\Users\jimmy\Desktop\meta-bi\Samples\Demos\MetaOrchestrationHairballCliIntegration\Runs\hairball-seed-20260530\RunArtifacts\runs\20260603-185716_bb82a8c45ce24311ba67a7cf001329c5\logs\Layer07Node04-25312.stderr.log
2026-06-03T18:57:42.7804761+00:00	WorkerEvent	Layer07Node07	PipelineStarted; ExitCode=0; pipeline started
2026-06-03T18:57:42.7811510+00:00	WorkerEvent	Layer05Node03.refresh-l05-n03	GrantAccepted; ExitCode=0; 
2026-06-03T18:57:42.7820843+00:00	WorkerEvent	Layer07Node07.select-l07-n07	TaskReady; ExitCode=0; 
2026-06-03T18:57:42.7828773+00:00	WorkerEvent	Layer05Node03.refresh-l05-n03	TaskStarted; ExitCode=0; 
2026-06-03T18:57:42.7836423+00:00	WorkerEvent	Layer04Node08.select-l04-n08	GrantAccepted; ExitCode=0; 
2026-06-03T18:57:42.7844327+00:00	WorkerEvent	Layer05Node07	WorkerOnline; ExitCode=0; online
2026-06-03T18:57:42.7852565+00:00	WorkerEvent	Layer04Node08.select-l04-n08	TaskStarted; ExitCode=0; 
2026-06-03T18:57:42.7862797+00:00	WorkerEvent	Layer05Node07	WorkerReady; ExitCode=0; ready
2026-06-03T18:57:42.7904399+00:00	StartPipeline	Layer05Node07	Layer05Node07
2026-06-03T18:57:42.7952988+00:00	GrantTask	Layer07Node07.select-l07-n07	Layer07Node07.select-l07-n07; GrantId=grant-64; Attempt=1
2026-06-03T18:57:42.7968728+00:00	WorkerResuming	BridgeL03L04	ResumeTaskId=BridgeL03L04.bridge-l03-l04-collect; Executable=meta-pipeline
2026-06-03T18:57:42.9037458+00:00	WorkerStarted	BridgeL03L04	29368
2026-06-03T18:57:42.9040774+00:00	WorkerControlPipe	BridgeL03L04	meta-orchestration-10844a0318084152a419fcda73043ac7
2026-06-03T18:57:42.9043648+00:00	WorkerLog	BridgeL03L04	stdout=C:\Users\jimmy\Desktop\meta-bi\Samples\Demos\MetaOrchestrationHairballCliIntegration\Runs\hairball-seed-20260530\RunArtifacts\runs\20260603-185716_bb82a8c45ce24311ba67a7cf001329c5\logs\BridgeL03L04-29368.stdout.log; stderr=C:\Users\jimmy\Desktop\meta-bi\Samples\Demos\MetaOrchestrationHairballCliIntegration\Runs\hairball-seed-20260530\RunArtifacts\runs\20260603-185716_bb82a8c45ce24311ba67a7cf001329c5\logs\BridgeL03L04-29368.stderr.log
2026-06-03T18:57:42.9047387+00:00	WorkerEvent	Layer05Node02	PipelineStarted; ExitCode=0; pipeline started
2026-06-03T18:57:42.9053352+00:00	WorkerEvent	Layer07Node07.select-l07-n07	GrantAccepted; ExitCode=0; 
2026-06-03T18:57:42.9062003+00:00	WorkerEvent	Layer05Node02.select-l05-n02	TaskReady; ExitCode=0; 
2026-06-03T18:57:42.9067770+00:00	WorkerEvent	Layer07Node07.select-l07-n07	TaskStarted; ExitCode=0; 
2026-06-03T18:57:42.9073822+00:00	WorkerEvent	Layer07Node04	WorkerOnline; ExitCode=0; online
2026-06-03T18:57:42.9103183+00:00	GrantTask	Layer05Node02.select-l05-n02	Layer05Node02.select-l05-n02; GrantId=grant-65; Attempt=1
2026-06-03T18:57:42.9108573+00:00	WorkerEvent	Layer07Node04	WorkerReady; ExitCode=0; ready
2026-06-03T18:57:42.9138176+00:00	StartPipeline	Layer07Node04	Layer07Node04
2026-06-03T18:57:42.9146739+00:00	WorkerEvent	Layer05Node02.select-l05-n02	GrantAccepted; ExitCode=0; 
2026-06-03T18:57:42.9172161+00:00	WorkerEvent	Layer05Node02.select-l05-n02	TaskStarted; ExitCode=0; 
2026-06-03T18:57:42.9319583+00:00	WorkerEvent	BridgeL03L04	WorkerOnline; ExitCode=0; online
2026-06-03T18:57:42.9356222+00:00	WorkerEvent	BridgeL03L04	WorkerReady; ExitCode=0; ready
2026-06-03T18:57:42.9386971+00:00	StartPipeline	BridgeL03L04	BridgeL03L04
2026-06-03T18:57:43.2810976+00:00	WorkerEvent	Layer05Node03.refresh-l05-n03	TaskSucceeded; ExitCode=0; 
2026-06-03T18:57:43.2821873+00:00	TaskSucceeded	Layer05Node03.refresh-l05-n03	0
2026-06-03T18:57:43.2833773+00:00	WorkerDeferredForCapacity	BridgeL05L06	Deferred by orchestration to honor max active worker process capacity.
2026-06-03T18:57:43.2865648+00:00	StopPipeline	BridgeL05L06	Deferred by orchestration to honor max active worker process capacity.
2026-06-03T18:57:43.2893894+00:00	WorkerEvent	Layer05Node03	Closed; ExitCode=-1; worker control channel closed
2026-06-03T18:57:43.2906050+00:00	WorkerProcessExited	Layer05Node03	ExitCode=0; worker control channel closed
2026-06-03T18:57:43.2914201+00:00	PipelineCompleted	Layer05Node03	
2026-06-03T18:57:43.2983909+00:00	WorkerStarting	Layer06Node04	meta-pipeline
2026-06-03T18:57:43.4712867+00:00	WorkerStarted	Layer06Node04	28620
2026-06-03T18:57:43.4718869+00:00	WorkerControlPipe	Layer06Node04	meta-orchestration-2065b5f4ecf9441d985534eb46cb57f3
2026-06-03T18:57:43.4722840+00:00	WorkerLog	Layer06Node04	stdout=C:\Users\jimmy\Desktop\meta-bi\Samples\Demos\MetaOrchestrationHairballCliIntegration\Runs\hairball-seed-20260530\RunArtifacts\runs\20260603-185716_bb82a8c45ce24311ba67a7cf001329c5\logs\Layer06Node04-28620.stdout.log; stderr=C:\Users\jimmy\Desktop\meta-bi\Samples\Demos\MetaOrchestrationHairballCliIntegration\Runs\hairball-seed-20260530\RunArtifacts\runs\20260603-185716_bb82a8c45ce24311ba67a7cf001329c5\logs\Layer06Node04-28620.stderr.log
2026-06-03T18:57:43.4727543+00:00	WorkerEvent	BridgeL05L06	Closed; ExitCode=-1; worker control channel closed
2026-06-03T18:57:43.4731140+00:00	WorkerProcessExited	BridgeL05L06	ExitCode=0; worker control channel closed
2026-06-03T18:57:43.4738904+00:00	WorkerDeferred	BridgeL05L06	ResumeTaskId=BridgeL05L06.bridge-l05-l06-collect
2026-06-03T18:57:43.4742612+00:00	WorkerEvent	Layer04Node08.select-l04-n08	TaskSucceeded; ExitCode=0; 
2026-06-03T18:57:43.4748593+00:00	TaskSucceeded	Layer04Node08.select-l04-n08	0
2026-06-03T18:57:43.4751659+00:00	WorkerProcessExited	Layer04Node08	ExitCode=0; worker process exited
2026-06-03T18:57:43.4761061+00:00	PipelineCompleted	Layer04Node08	
2026-06-03T18:57:43.4781343+00:00	GrantTask	Layer04Hub.hub-l04-stage	Layer04Hub.hub-l04-stage; GrantId=grant-66; Attempt=1
2026-06-03T18:57:43.4799900+00:00	WorkerResuming	BridgeL05L06	ResumeTaskId=BridgeL05L06.bridge-l05-l06-collect; Executable=meta-pipeline
2026-06-03T18:57:43.6012180+00:00	WorkerStarted	BridgeL05L06	4036
2026-06-03T18:57:43.6016634+00:00	WorkerControlPipe	BridgeL05L06	meta-orchestration-d1457d4cee2a40a4a81d5cd5830601a8
2026-06-03T18:57:43.6019796+00:00	WorkerLog	BridgeL05L06	stdout=C:\Users\jimmy\Desktop\meta-bi\Samples\Demos\MetaOrchestrationHairballCliIntegration\Runs\hairball-seed-20260530\RunArtifacts\runs\20260603-185716_bb82a8c45ce24311ba67a7cf001329c5\logs\BridgeL05L06-4036.stdout.log; stderr=C:\Users\jimmy\Desktop\meta-bi\Samples\Demos\MetaOrchestrationHairballCliIntegration\Runs\hairball-seed-20260530\RunArtifacts\runs\20260603-185716_bb82a8c45ce24311ba67a7cf001329c5\logs\BridgeL05L06-4036.stderr.log
2026-06-03T18:57:43.6024541+00:00	WorkerEvent	Layer05Node02.select-l05-n02	TaskSucceeded; ExitCode=0; 
2026-06-03T18:57:43.6032634+00:00	TaskSucceeded	Layer05Node02.select-l05-n02	0
2026-06-03T18:57:43.6036746+00:00	WorkerEvent	Layer07Node07.select-l07-n07	TaskSucceeded; ExitCode=0; 
2026-06-03T18:57:43.6045227+00:00	TaskSucceeded	Layer07Node07.select-l07-n07	0
2026-06-03T18:57:43.6049760+00:00	WorkerEvent	Layer06Node04	WorkerOnline; ExitCode=0; online
2026-06-03T18:57:43.6057620+00:00	WorkerEvent	Layer04Hub.hub-l04-stage	GrantAccepted; ExitCode=0; 
2026-06-03T18:57:43.6066803+00:00	WorkerEvent	Layer06Node04	WorkerReady; ExitCode=0; ready
2026-06-03T18:57:43.6112935+00:00	StartPipeline	Layer06Node04	Layer06Node04
2026-06-03T18:57:43.6137902+00:00	WorkerEvent	Layer04Hub.hub-l04-stage	TaskStarted; ExitCode=0; 
2026-06-03T18:57:43.6147767+00:00	WorkerEvent	AuditHairball	PipelineStarted; ExitCode=0; pipeline started
2026-06-03T18:57:43.6175311+00:00	WorkerEvent	Layer05Node07	PipelineStarted; ExitCode=0; pipeline started
2026-06-03T18:57:43.6190521+00:00	WorkerEvent	AuditHairball.audit-hairball	TaskReady; ExitCode=0; 
2026-06-03T18:57:43.6201352+00:00	WorkerEvent	Layer05Node07.export-l05-n07	TaskReady; ExitCode=0; 
2026-06-03T18:57:43.6209710+00:00	WorkerProcessExited	Layer05Node02	ExitCode=0; worker process exited
2026-06-03T18:57:43.6217887+00:00	PipelineCompleted	Layer05Node02	
2026-06-03T18:57:43.6221801+00:00	WorkerProcessExited	Layer07Node07	ExitCode=0; worker process exited
2026-06-03T18:57:43.6229676+00:00	PipelineCompleted	Layer07Node07	
2026-06-03T18:57:43.6247260+00:00	GrantTask	Layer05Node07.export-l05-n07	Layer05Node07.export-l05-n07; GrantId=grant-67; Attempt=1
2026-06-03T18:57:43.6253847+00:00	WorkerStarting	Layer08Node05	meta-pipeline
2026-06-03T18:57:43.7495193+00:00	WorkerStarted	Layer08Node05	24716
2026-06-03T18:57:43.7503358+00:00	WorkerControlPipe	Layer08Node05	meta-orchestration-7aa6398d443040d193cc47832715a83d
2026-06-03T18:57:43.7507659+00:00	WorkerLog	Layer08Node05	stdout=C:\Users\jimmy\Desktop\meta-bi\Samples\Demos\MetaOrchestrationHairballCliIntegration\Runs\hairball-seed-20260530\RunArtifacts\runs\20260603-185716_bb82a8c45ce24311ba67a7cf001329c5\logs\Layer08Node05-24716.stdout.log; stderr=C:\Users\jimmy\Desktop\meta-bi\Samples\Demos\MetaOrchestrationHairballCliIntegration\Runs\hairball-seed-20260530\RunArtifacts\runs\20260603-185716_bb82a8c45ce24311ba67a7cf001329c5\logs\Layer08Node05-24716.stderr.log
2026-06-03T18:57:43.7512672+00:00	WorkerEvent	BridgeL05L06	WorkerOnline; ExitCode=0; online
2026-06-03T18:57:43.7532706+00:00	WorkerEvent	Layer05Node07.export-l05-n07	GrantAccepted; ExitCode=0; 
2026-06-03T18:57:43.7559232+00:00	WorkerStarting	Layer05Hub	meta-pipeline
2026-06-03T18:57:43.8941397+00:00	WorkerStarted	Layer05Hub	9604
2026-06-03T18:57:43.8946502+00:00	WorkerControlPipe	Layer05Hub	meta-orchestration-47fdff3cf19743a98d045520c8a20971
2026-06-03T18:57:43.8952269+00:00	WorkerLog	Layer05Hub	stdout=C:\Users\jimmy\Desktop\meta-bi\Samples\Demos\MetaOrchestrationHairballCliIntegration\Runs\hairball-seed-20260530\RunArtifacts\runs\20260603-185716_bb82a8c45ce24311ba67a7cf001329c5\logs\Layer05Hub-9604.stdout.log; stderr=C:\Users\jimmy\Desktop\meta-bi\Samples\Demos\MetaOrchestrationHairballCliIntegration\Runs\hairball-seed-20260530\RunArtifacts\runs\20260603-185716_bb82a8c45ce24311ba67a7cf001329c5\logs\Layer05Hub-9604.stderr.log
2026-06-03T18:57:43.8957414+00:00	WorkerEvent	Layer08Node05	WorkerOnline; ExitCode=0; online
2026-06-03T18:57:43.8965755+00:00	WorkerEvent	Layer07Node04	PipelineStarted; ExitCode=0; pipeline started
2026-06-03T18:57:43.8977224+00:00	WorkerEvent	Layer08Node05	WorkerReady; ExitCode=0; ready
2026-06-03T18:57:43.9058580+00:00	StartPipeline	Layer08Node05	Layer08Node05
2026-06-03T18:57:43.9069606+00:00	WorkerEvent	Layer07Node04.select-l07-n04	TaskReady; ExitCode=0; 
2026-06-03T18:57:43.9090406+00:00	WorkerEvent	BridgeL05L06	WorkerReady; ExitCode=0; ready
2026-06-03T18:57:43.9100786+00:00	StartPipeline	BridgeL05L06	BridgeL05L06
2026-06-03T18:57:43.9109349+00:00	WorkerEvent	Layer05Node07.export-l05-n07	TaskStarted; ExitCode=0; 
2026-06-03T18:57:43.9232273+00:00	GrantTask	Layer07Node04.select-l07-n04	Layer07Node04.select-l07-n04; GrantId=grant-68; Attempt=1
2026-06-03T18:57:43.9239042+00:00	WorkerStarting	Layer05Node01	meta-pipeline
2026-06-03T18:57:44.0664032+00:00	WorkerStarted	Layer05Node01	6684
2026-06-03T18:57:44.0669541+00:00	WorkerControlPipe	Layer05Node01	meta-orchestration-b2d3f92c45fb49229eb49750dd046d91
2026-06-03T18:57:44.0673596+00:00	WorkerLog	Layer05Node01	stdout=C:\Users\jimmy\Desktop\meta-bi\Samples\Demos\MetaOrchestrationHairballCliIntegration\Runs\hairball-seed-20260530\RunArtifacts\runs\20260603-185716_bb82a8c45ce24311ba67a7cf001329c5\logs\Layer05Node01-6684.stdout.log; stderr=C:\Users\jimmy\Desktop\meta-bi\Samples\Demos\MetaOrchestrationHairballCliIntegration\Runs\hairball-seed-20260530\RunArtifacts\runs\20260603-185716_bb82a8c45ce24311ba67a7cf001329c5\logs\Layer05Node01-6684.stderr.log
2026-06-03T18:57:44.0680162+00:00	WorkerEvent	Layer05Hub	WorkerOnline; ExitCode=0; online
2026-06-03T18:57:44.0698639+00:00	WorkerEvent	Layer07Node04.select-l07-n04	GrantAccepted; ExitCode=0; 
2026-06-03T18:57:44.0707685+00:00	WorkerEvent	Layer05Hub	WorkerReady; ExitCode=0; ready
2026-06-03T18:57:44.0747951+00:00	StartPipeline	Layer05Hub	Layer05Hub
2026-06-03T18:57:44.0770730+00:00	WorkerEvent	Layer07Node04.select-l07-n04	TaskStarted; ExitCode=0; 
2026-06-03T18:57:44.1021012+00:00	WorkerEvent	Layer05Node01	WorkerOnline; ExitCode=0; online
2026-06-03T18:57:44.1056561+00:00	WorkerEvent	Layer05Node01	WorkerReady; ExitCode=0; ready
2026-06-03T18:57:44.1087438+00:00	StartPipeline	Layer05Node01	Layer05Node01
2026-06-03T18:57:44.1385020+00:00	WorkerEvent	BridgeL03L04	PipelineStarted; ExitCode=0; pipeline started
2026-06-03T18:57:44.1413491+00:00	WorkerEvent	BridgeL03L04.bridge-l03-l04-collect	TaskReady; ExitCode=0; 
2026-06-03T18:57:44.2406699+00:00	WorkerEvent	Layer04Hub.hub-l04-stage	TaskSucceeded; ExitCode=0; 
2026-06-03T18:57:44.2416418+00:00	TaskSucceeded	Layer04Hub.hub-l04-stage	0
2026-06-03T18:57:44.2441623+00:00	GrantTask	BridgeL03L04.bridge-l03-l04-collect	BridgeL03L04.bridge-l03-l04-collect; GrantId=grant-69; Attempt=1
2026-06-03T18:57:44.2447269+00:00	WorkerDeferredForCapacity	AuditHairball	Deferred by orchestration to honor max active worker process capacity.
2026-06-03T18:57:44.2451906+00:00	StopPipeline	AuditHairball	Deferred by orchestration to honor max active worker process capacity.
2026-06-03T18:57:44.2458661+00:00	WorkerEvent	Layer04Hub.hub-l04-curate	TaskReady; ExitCode=0; 
2026-06-03T18:57:44.2561939+00:00	GrantTask	Layer04Hub.hub-l04-curate	Layer04Hub.hub-l04-curate; GrantId=grant-70; Attempt=1
2026-06-03T18:57:44.2566926+00:00	WorkerDeferredForCapacity	BridgeL07L08	Deferred by orchestration to honor max active worker process capacity.
2026-06-03T18:57:44.2570633+00:00	StopPipeline	BridgeL07L08	Deferred by orchestration to honor max active worker process capacity.
2026-06-03T18:57:44.2576172+00:00	WorkerEvent	BridgeL03L04.bridge-l03-l04-collect	GrantAccepted; ExitCode=0; 
2026-06-03T18:57:44.2588061+00:00	WorkerEvent	Layer04Hub.hub-l04-curate	GrantAccepted; ExitCode=0; 
2026-06-03T18:57:44.2598873+00:00	WorkerEvent	BridgeL03L04.bridge-l03-l04-collect	TaskStarted; ExitCode=0; 
2026-06-03T18:57:44.2606223+00:00	WorkerEvent	Layer04Hub.hub-l04-curate	TaskStarted; ExitCode=0; 
2026-06-03T18:57:44.2701066+00:00	WorkerEvent	BridgeL07L08	Closed; ExitCode=-1; worker control channel closed
2026-06-03T18:57:44.2705641+00:00	WorkerProcessExited	BridgeL07L08	ExitCode=0; worker control channel closed
2026-06-03T18:57:44.2714320+00:00	WorkerDeferred	BridgeL07L08	ResumeTaskId=BridgeL07L08.bridge-l07-l08-collect
2026-06-03T18:57:44.2719205+00:00	WorkerEvent	AuditHairball	Closed; ExitCode=0; worker control channel closed
2026-06-03T18:57:44.2722658+00:00	WorkerProcessExited	AuditHairball	ExitCode=0; worker control channel closed
2026-06-03T18:57:44.2728896+00:00	WorkerDeferred	AuditHairball	ResumeTaskId=AuditHairball.audit-hairball
2026-06-03T18:57:44.2740998+00:00	WorkerStarting	Layer07Node08	meta-pipeline
2026-06-03T18:57:44.4303328+00:00	WorkerStarted	Layer07Node08	22464
2026-06-03T18:57:44.4308608+00:00	WorkerControlPipe	Layer07Node08	meta-orchestration-21f4a75892b94f3c8fc408d9cccbcf72
2026-06-03T18:57:44.4313448+00:00	WorkerLog	Layer07Node08	stdout=C:\Users\jimmy\Desktop\meta-bi\Samples\Demos\MetaOrchestrationHairballCliIntegration\Runs\hairball-seed-20260530\RunArtifacts\runs\20260603-185716_bb82a8c45ce24311ba67a7cf001329c5\logs\Layer07Node08-22464.stdout.log; stderr=C:\Users\jimmy\Desktop\meta-bi\Samples\Demos\MetaOrchestrationHairballCliIntegration\Runs\hairball-seed-20260530\RunArtifacts\runs\20260603-185716_bb82a8c45ce24311ba67a7cf001329c5\logs\Layer07Node08-22464.stderr.log
2026-06-03T18:57:44.4318448+00:00	WorkerEvent	Layer04Hub.hub-l04-curate	TaskSucceeded; ExitCode=0; 
2026-06-03T18:57:44.4325933+00:00	TaskSucceeded	Layer04Hub.hub-l04-curate	0
2026-06-03T18:57:44.4330516+00:00	WorkerEvent	Layer05Node07.export-l05-n07	TaskSucceeded; ExitCode=0; 
2026-06-03T18:57:44.4336494+00:00	TaskSucceeded	Layer05Node07.export-l05-n07	0
2026-06-03T18:57:44.4343115+00:00	WorkerEvent	Layer04Hub.hub-l04-publish	TaskReady; ExitCode=0; 
2026-06-03T18:57:44.4351531+00:00	WorkerEvent	Layer05Node07	Closed; ExitCode=-1; worker control channel closed
2026-06-03T18:57:44.4359320+00:00	PipelineCompleted	Layer05Node07	
2026-06-03T18:57:44.4375099+00:00	GrantTask	Layer04Hub.hub-l04-publish	Layer04Hub.hub-l04-publish; GrantId=grant-71; Attempt=1
2026-06-03T18:57:44.4378582+00:00	WorkerStarting	Layer06Node01	meta-pipeline
2026-06-03T18:57:44.5606832+00:00	WorkerStarted	Layer06Node01	7748
2026-06-03T18:57:44.5615302+00:00	WorkerControlPipe	Layer06Node01	meta-orchestration-8dfdb75d0b6a47a199c2b67a797802c6
2026-06-03T18:57:44.5620841+00:00	WorkerLog	Layer06Node01	stdout=C:\Users\jimmy\Desktop\meta-bi\Samples\Demos\MetaOrchestrationHairballCliIntegration\Runs\hairball-seed-20260530\RunArtifacts\runs\20260603-185716_bb82a8c45ce24311ba67a7cf001329c5\logs\Layer06Node01-7748.stdout.log; stderr=C:\Users\jimmy\Desktop\meta-bi\Samples\Demos\MetaOrchestrationHairballCliIntegration\Runs\hairball-seed-20260530\RunArtifacts\runs\20260603-185716_bb82a8c45ce24311ba67a7cf001329c5\logs\Layer06Node01-7748.stderr.log
2026-06-03T18:57:44.5625929+00:00	WorkerEvent	Layer06Node04	PipelineStarted; ExitCode=0; pipeline started
2026-06-03T18:57:44.5635608+00:00	WorkerEvent	Layer04Hub.hub-l04-publish	GrantAccepted; ExitCode=0; 
2026-06-03T18:57:44.5643375+00:00	WorkerEvent	Layer07Node08	WorkerOnline; ExitCode=0; online
2026-06-03T18:57:44.5670610+00:00	WorkerEvent	Layer06Node04.export-l06-n04	TaskReady; ExitCode=0; 
2026-06-03T18:57:44.5681456+00:00	WorkerEvent	Layer04Hub.hub-l04-publish	TaskStarted; ExitCode=0; 
2026-06-03T18:57:44.5688620+00:00	WorkerEvent	Layer07Node08	WorkerReady; ExitCode=0; ready
2026-06-03T18:57:44.5749427+00:00	StartPipeline	Layer07Node08	Layer07Node08
2026-06-03T18:57:44.5758617+00:00	WorkerProcessExited	Layer05Node07	ExitCode=0; worker process exited
2026-06-03T18:57:44.5777905+00:00	GrantTask	Layer06Node04.export-l06-n04	Layer06Node04.export-l06-n04; GrantId=grant-72; Attempt=1
2026-06-03T18:57:44.5787626+00:00	WorkerStarting	Layer06Node07	meta-pipeline
2026-06-03T18:57:44.7311681+00:00	WorkerStarted	Layer06Node07	30940
2026-06-03T18:57:44.7315814+00:00	WorkerControlPipe	Layer06Node07	meta-orchestration-d43717b5b7ab491aa2cb668353a8c407
2026-06-03T18:57:44.7319262+00:00	WorkerLog	Layer06Node07	stdout=C:\Users\jimmy\Desktop\meta-bi\Samples\Demos\MetaOrchestrationHairballCliIntegration\Runs\hairball-seed-20260530\RunArtifacts\runs\20260603-185716_bb82a8c45ce24311ba67a7cf001329c5\logs\Layer06Node07-30940.stdout.log; stderr=C:\Users\jimmy\Desktop\meta-bi\Samples\Demos\MetaOrchestrationHairballCliIntegration\Runs\hairball-seed-20260530\RunArtifacts\runs\20260603-185716_bb82a8c45ce24311ba67a7cf001329c5\logs\Layer06Node07-30940.stderr.log
2026-06-03T18:57:44.7323478+00:00	WorkerEvent	Layer08Node05	PipelineStarted; ExitCode=0; pipeline started
2026-06-03T18:57:44.7330467+00:00	WorkerEvent	Layer06Node04.export-l06-n04	GrantAccepted; ExitCode=0; 
2026-06-03T18:57:44.7354382+00:00	WorkerEvent	Layer08Node05.refresh-l08-n05	TaskReady; ExitCode=0; 
2026-06-03T18:57:44.7362689+00:00	WorkerEvent	Layer06Node04.export-l06-n04	TaskStarted; ExitCode=0; 
2026-06-03T18:57:44.7370199+00:00	WorkerEvent	Layer07Node04.select-l07-n04	TaskSucceeded; ExitCode=0; 
2026-06-03T18:57:44.7376953+00:00	TaskSucceeded	Layer07Node04.select-l07-n04	0
2026-06-03T18:57:44.7381019+00:00	WorkerEvent	Layer06Node01	WorkerOnline; ExitCode=0; online
2026-06-03T18:57:44.7388698+00:00	WorkerProcessExited	Layer07Node04	ExitCode=0; worker process exited
2026-06-03T18:57:44.7395556+00:00	PipelineCompleted	Layer07Node04	
2026-06-03T18:57:44.7407059+00:00	GrantTask	Layer08Node05.refresh-l08-n05	Layer08Node05.refresh-l08-n05; GrantId=grant-73; Attempt=1
2026-06-03T18:57:44.7411180+00:00	WorkerStarting	Layer06Node10	meta-pipeline
2026-06-03T18:57:44.8697009+00:00	WorkerStarted	Layer06Node10	19464
2026-06-03T18:57:44.8701519+00:00	WorkerControlPipe	Layer06Node10	meta-orchestration-65907fe0cff54244be355b681b0e84a1
2026-06-03T18:57:44.8705499+00:00	WorkerLog	Layer06Node10	stdout=C:\Users\jimmy\Desktop\meta-bi\Samples\Demos\MetaOrchestrationHairballCliIntegration\Runs\hairball-seed-20260530\RunArtifacts\runs\20260603-185716_bb82a8c45ce24311ba67a7cf001329c5\logs\Layer06Node10-19464.stdout.log; stderr=C:\Users\jimmy\Desktop\meta-bi\Samples\Demos\MetaOrchestrationHairballCliIntegration\Runs\hairball-seed-20260530\RunArtifacts\runs\20260603-185716_bb82a8c45ce24311ba67a7cf001329c5\logs\Layer06Node10-19464.stderr.log
2026-06-03T18:57:44.8710189+00:00	WorkerEvent	Layer08Node05.refresh-l08-n05	GrantAccepted; ExitCode=0; 
2026-06-03T18:57:44.8721450+00:00	WorkerEvent	Layer06Node07	WorkerOnline; ExitCode=0; online
2026-06-03T18:57:44.8733786+00:00	WorkerEvent	Layer08Node05.refresh-l08-n05	TaskStarted; ExitCode=0; 
2026-06-03T18:57:44.8742709+00:00	WorkerEvent	Layer06Node07	WorkerReady; ExitCode=0; ready
2026-06-03T18:57:44.8808421+00:00	StartPipeline	Layer06Node07	Layer06Node07
2026-06-03T18:57:44.8818566+00:00	WorkerEvent	BridgeL03L04.bridge-l03-l04-collect	TaskSucceeded; ExitCode=0; 
2026-06-03T18:57:44.8828207+00:00	TaskSucceeded	BridgeL03L04.bridge-l03-l04-collect	0
2026-06-03T18:57:44.8834091+00:00	WorkerEvent	Layer04Hub.hub-l04-publish	TaskSucceeded; ExitCode=0; 
2026-06-03T18:57:44.8842004+00:00	TaskSucceeded	Layer04Hub.hub-l04-publish	0
2026-06-03T18:57:44.8846175+00:00	WorkerEvent	Layer06Node01	WorkerReady; ExitCode=0; ready
2026-06-03T18:57:44.8854622+00:00	StartPipeline	Layer06Node01	Layer06Node01
2026-06-03T18:57:44.8865729+00:00	WorkerEvent	BridgeL03L04.bridge-l03-l04-north	TaskReady; ExitCode=0; 
2026-06-03T18:57:44.8876501+00:00	WorkerProcessExited	Layer04Hub	ExitCode=0; worker process exited
2026-06-03T18:57:44.8888568+00:00	PipelineCompleted	Layer04Hub	
2026-06-03T18:57:44.8902954+00:00	GrantTask	BridgeL03L04.bridge-l03-l04-north	BridgeL03L04.bridge-l03-l04-north; GrantId=grant-74; Attempt=1
2026-06-03T18:57:44.8907259+00:00	WorkerStarting	Layer05Node04	meta-pipeline
2026-06-03T18:57:45.0432754+00:00	WorkerStarted	Layer05Node04	28084
2026-06-03T18:57:45.0438953+00:00	WorkerControlPipe	Layer05Node04	meta-orchestration-e9519303766c4883bf984c8cd27d729c
2026-06-03T18:57:45.0445730+00:00	WorkerLog	Layer05Node04	stdout=C:\Users\jimmy\Desktop\meta-bi\Samples\Demos\MetaOrchestrationHairballCliIntegration\Runs\hairball-seed-20260530\RunArtifacts\runs\20260603-185716_bb82a8c45ce24311ba67a7cf001329c5\logs\Layer05Node04-28084.stdout.log; stderr=C:\Users\jimmy\Desktop\meta-bi\Samples\Demos\MetaOrchestrationHairballCliIntegration\Runs\hairball-seed-20260530\RunArtifacts\runs\20260603-185716_bb82a8c45ce24311ba67a7cf001329c5\logs\Layer05Node04-28084.stderr.log
2026-06-03T18:57:45.0452704+00:00	WorkerEvent	BridgeL03L04.bridge-l03-l04-north	GrantAccepted; ExitCode=0; 
2026-06-03T18:57:45.0462666+00:00	WorkerEvent	Layer06Node10	WorkerOnline; ExitCode=0; online
2026-06-03T18:57:45.0490796+00:00	WorkerEvent	BridgeL03L04.bridge-l03-l04-north	TaskStarted; ExitCode=0; 
2026-06-03T18:57:45.0507573+00:00	WorkerEvent	Layer06Node10	WorkerReady; ExitCode=0; ready
2026-06-03T18:57:45.0566148+00:00	StartPipeline	Layer06Node10	Layer06Node10
2026-06-03T18:57:45.0584014+00:00	WorkerEvent	Layer05Node01	PipelineStarted; ExitCode=0; pipeline started
2026-06-03T18:57:45.0601936+00:00	WorkerEvent	BridgeL05L06	PipelineStarted; ExitCode=0; pipeline started
2026-06-03T18:57:45.0611077+00:00	WorkerEvent	Layer05Node01.select-l05-n01	TaskReady; ExitCode=0; 
2026-06-03T18:57:45.0625786+00:00	WorkerEvent	BridgeL05L06.bridge-l05-l06-collect	TaskReady; ExitCode=0; 
2026-06-03T18:57:45.0639761+00:00	WorkerDeferredForCapacity	BridgeL05L06	Deferred by orchestration to honor max active worker process capacity.
2026-06-03T18:57:45.0643720+00:00	StopPipeline	BridgeL05L06	Deferred by orchestration to honor max active worker process capacity.
2026-06-03T18:57:45.0694372+00:00	WorkerDeferredForCapacity	CompositeMart	Deferred by orchestration to honor max active worker process capacity.
2026-06-03T18:57:45.0699590+00:00	StopPipeline	CompositeMart	Deferred by orchestration to honor max active worker process capacity.
2026-06-03T18:57:45.0711721+00:00	WorkerDeferredForCapacity	Layer05Node01	Deferred by orchestration to honor max active worker process capacity.
2026-06-03T18:57:45.0716074+00:00	StopPipeline	Layer05Node01	Deferred by orchestration to honor max active worker process capacity.
2026-06-03T18:57:45.0727199+00:00	WorkerEvent	BridgeL05L06	Closed; ExitCode=0; worker control channel closed
2026-06-03T18:57:45.0731300+00:00	WorkerProcessExited	BridgeL05L06	ExitCode=0; worker control channel closed
2026-06-03T18:57:45.0753389+00:00	WorkerDeferred	BridgeL05L06	ResumeTaskId=BridgeL05L06.bridge-l05-l06-collect
2026-06-03T18:57:45.0762621+00:00	WorkerStarting	Layer05Node05	meta-pipeline
2026-06-03T18:57:45.2915942+00:00	WorkerStarted	Layer05Node05	23044
2026-06-03T18:57:45.2933383+00:00	WorkerControlPipe	Layer05Node05	meta-orchestration-1eb902416ff24ad48868d3e1219f9c31
2026-06-03T18:57:45.2999118+00:00	WorkerLog	Layer05Node05	stdout=C:\Users\jimmy\Desktop\meta-bi\Samples\Demos\MetaOrchestrationHairballCliIntegration\Runs\hairball-seed-20260530\RunArtifacts\runs\20260603-185716_bb82a8c45ce24311ba67a7cf001329c5\logs\Layer05Node05-23044.stdout.log; stderr=C:\Users\jimmy\Desktop\meta-bi\Samples\Demos\MetaOrchestrationHairballCliIntegration\Runs\hairball-seed-20260530\RunArtifacts\runs\20260603-185716_bb82a8c45ce24311ba67a7cf001329c5\logs\Layer05Node05-23044.stderr.log
2026-06-03T18:57:45.3006523+00:00	WorkerEvent	BridgeL03L04.bridge-l03-l04-north	TaskSucceeded; ExitCode=0; 
2026-06-03T18:57:45.3024105+00:00	TaskSucceeded	BridgeL03L04.bridge-l03-l04-north	0
2026-06-03T18:57:45.3036326+00:00	WorkerEvent	Layer05Hub	PipelineStarted; ExitCode=0; pipeline started
2026-06-03T18:57:45.3045479+00:00	WorkerEvent	CompositeMart	Closed; ExitCode=-1; worker control channel closed
2026-06-03T18:57:45.3049698+00:00	WorkerProcessExited	CompositeMart	ExitCode=0; worker control channel closed
2026-06-03T18:57:45.3057116+00:00	WorkerDeferred	CompositeMart	ResumeTaskId=CompositeMart.composite-stage
2026-06-03T18:57:45.3085822+00:00	WorkerEvent	Layer05Node01	Closed; ExitCode=0; worker control channel closed
2026-06-03T18:57:45.3090489+00:00	WorkerProcessExited	Layer05Node01	ExitCode=0; worker control channel closed
2026-06-03T18:57:45.3140336+00:00	WorkerDeferred	Layer05Node01	ResumeTaskId=Layer05Node01.select-l05-n01
2026-06-03T18:57:45.3145760+00:00	WorkerEvent	BridgeL03L04.bridge-l03-l04-south	TaskReady; ExitCode=0; 
2026-06-03T18:57:45.3170199+00:00	WorkerEvent	Layer05Hub.hub-l05-stage	TaskReady; ExitCode=0; 
2026-06-03T18:57:45.3197702+00:00	WorkerEvent	Layer05Node04	WorkerOnline; ExitCode=0; online
2026-06-03T18:57:45.3219194+00:00	GrantTask	BridgeL03L04.bridge-l03-l04-south	BridgeL03L04.bridge-l03-l04-south; GrantId=grant-75; Attempt=1
2026-06-03T18:57:45.3224011+00:00	WorkerResuming	Layer05Node01	ResumeTaskId=Layer05Node01.select-l05-n01; Executable=meta-pipeline
2026-06-03T18:57:45.4928232+00:00	WorkerStarted	Layer05Node01	19724
2026-06-03T18:57:45.4934546+00:00	WorkerControlPipe	Layer05Node01	meta-orchestration-3fbc508289bd4b78bf66503f4aa827ce
2026-06-03T18:57:45.4969561+00:00	WorkerLog	Layer05Node01	stdout=C:\Users\jimmy\Desktop\meta-bi\Samples\Demos\MetaOrchestrationHairballCliIntegration\Runs\hairball-seed-20260530\RunArtifacts\runs\20260603-185716_bb82a8c45ce24311ba67a7cf001329c5\logs\Layer05Node01-19724.stdout.log; stderr=C:\Users\jimmy\Desktop\meta-bi\Samples\Demos\MetaOrchestrationHairballCliIntegration\Runs\hairball-seed-20260530\RunArtifacts\runs\20260603-185716_bb82a8c45ce24311ba67a7cf001329c5\logs\Layer05Node01-19724.stderr.log
2026-06-03T18:57:45.4979010+00:00	WorkerEvent	BridgeL03L04.bridge-l03-l04-south	GrantAccepted; ExitCode=0; 
2026-06-03T18:57:45.4987849+00:00	WorkerEvent	Layer08Node05.refresh-l08-n05	TaskSucceeded; ExitCode=0; 
2026-06-03T18:57:45.4996128+00:00	TaskSucceeded	Layer08Node05.refresh-l08-n05	0
2026-06-03T18:57:45.4999741+00:00	WorkerEvent	Layer06Node04.export-l06-n04	TaskSucceeded; ExitCode=0; 
2026-06-03T18:57:45.5006355+00:00	TaskSucceeded	Layer06Node04.export-l06-n04	0
2026-06-03T18:57:45.5009990+00:00	WorkerEvent	Layer05Node05	WorkerOnline; ExitCode=0; online
2026-06-03T18:57:45.5017277+00:00	WorkerEvent	Layer05Node04	WorkerReady; ExitCode=0; ready
2026-06-03T18:57:45.5027401+00:00	StartPipeline	Layer05Node04	Layer05Node04
2026-06-03T18:57:45.5034335+00:00	WorkerEvent	BridgeL03L04.bridge-l03-l04-south	TaskStarted; ExitCode=0; 
2026-06-03T18:57:45.5040756+00:00	WorkerEvent	Layer05Node05	WorkerReady; ExitCode=0; ready
2026-06-03T18:57:45.5305351+00:00	StartPipeline	Layer05Node05	Layer05Node05
2026-06-03T18:57:45.5340438+00:00	WorkerEvent	Layer05Node01	WorkerOnline; ExitCode=0; online
2026-06-03T18:57:45.5348796+00:00	WorkerEvent	Layer07Node08	PipelineStarted; ExitCode=0; pipeline started
2026-06-03T18:57:45.5356428+00:00	WorkerProcessExited	Layer06Node04	ExitCode=0; worker process exited
2026-06-03T18:57:45.5363410+00:00	PipelineCompleted	Layer06Node04	
2026-06-03T18:57:45.5414137+00:00	WorkerEvent	Layer07Node08.export-l07-n08	TaskReady; ExitCode=0; 
2026-06-03T18:57:45.5428202+00:00	WorkerProcessExited	Layer08Node05	ExitCode=0; worker process exited
2026-06-03T18:57:45.5439106+00:00	PipelineCompleted	Layer08Node05	
2026-06-03T18:57:45.5486861+00:00	GrantTask	Layer07Node08.export-l07-n08	Layer07Node08.export-l07-n08; GrantId=grant-76; Attempt=1
2026-06-03T18:57:45.5491081+00:00	WorkerStarting	Layer08Node06	meta-pipeline
2026-06-03T18:57:45.7480088+00:00	WorkerStarted	Layer08Node06	22328
2026-06-03T18:57:45.7485587+00:00	WorkerControlPipe	Layer08Node06	meta-orchestration-5d268f8dcf294d1d83070db91c0ef9eb
2026-06-03T18:57:45.7490288+00:00	WorkerLog	Layer08Node06	stdout=C:\Users\jimmy\Desktop\meta-bi\Samples\Demos\MetaOrchestrationHairballCliIntegration\Runs\hairball-seed-20260530\RunArtifacts\runs\20260603-185716_bb82a8c45ce24311ba67a7cf001329c5\logs\Layer08Node06-22328.stdout.log; stderr=C:\Users\jimmy\Desktop\meta-bi\Samples\Demos\MetaOrchestrationHairballCliIntegration\Runs\hairball-seed-20260530\RunArtifacts\runs\20260603-185716_bb82a8c45ce24311ba67a7cf001329c5\logs\Layer08Node06-22328.stderr.log
2026-06-03T18:57:45.7496076+00:00	WorkerEvent	BridgeL03L04.bridge-l03-l04-south	TaskSucceeded; ExitCode=0; 
2026-06-03T18:57:45.7571124+00:00	TaskSucceeded	BridgeL03L04.bridge-l03-l04-south	0
2026-06-03T18:57:45.7576289+00:00	WorkerEvent	Layer05Node01	WorkerReady; ExitCode=0; ready
2026-06-03T18:57:45.7614337+00:00	StartPipeline	Layer05Node01	Layer05Node01
2026-06-03T18:57:45.7624562+00:00	WorkerEvent	Layer07Node08.export-l07-n08	GrantAccepted; ExitCode=0; 
2026-06-03T18:57:45.7631971+00:00	WorkerProcessExited	BridgeL03L04	ExitCode=0; worker process exited
2026-06-03T18:57:45.7638390+00:00	PipelineCompleted	BridgeL03L04	
2026-06-03T18:57:45.7641610+00:00	WorkerEvent	Layer07Node08.export-l07-n08	TaskStarted; ExitCode=0; 
2026-06-03T18:57:45.7652366+00:00	WorkerStarting	Layer06Node05	meta-pipeline
2026-06-03T18:57:45.9122678+00:00	WorkerStarted	Layer06Node05	30344
2026-06-03T18:57:45.9127231+00:00	WorkerControlPipe	Layer06Node05	meta-orchestration-2fa3bf5cb3044eb6afc0a16b4803d8c0
2026-06-03T18:57:45.9131954+00:00	WorkerLog	Layer06Node05	stdout=C:\Users\jimmy\Desktop\meta-bi\Samples\Demos\MetaOrchestrationHairballCliIntegration\Runs\hairball-seed-20260530\RunArtifacts\runs\20260603-185716_bb82a8c45ce24311ba67a7cf001329c5\logs\Layer06Node05-30344.stdout.log; stderr=C:\Users\jimmy\Desktop\meta-bi\Samples\Demos\MetaOrchestrationHairballCliIntegration\Runs\hairball-seed-20260530\RunArtifacts\runs\20260603-185716_bb82a8c45ce24311ba67a7cf001329c5\logs\Layer06Node05-30344.stderr.log
2026-06-03T18:57:45.9136916+00:00	WorkerEvent	Layer08Node06	WorkerOnline; ExitCode=0; online
2026-06-03T18:57:45.9144741+00:00	WorkerEvent	Layer06Node07	PipelineStarted; ExitCode=0; pipeline started
2026-06-03T18:57:45.9152749+00:00	WorkerEvent	Layer06Node01	PipelineStarted; ExitCode=0; pipeline started
2026-06-03T18:57:45.9236376+00:00	WorkerResuming	AuditHairball	ResumeTaskId=AuditHairball.audit-hairball; Executable=meta-pipeline
2026-06-03T18:57:46.0310408+00:00	WorkerStarted	AuditHairball	24940
2026-06-03T18:57:46.0316389+00:00	WorkerControlPipe	AuditHairball	meta-orchestration-81c32b369fe043ef97913c19a24a2d23
2026-06-03T18:57:46.0320971+00:00	WorkerLog	AuditHairball	stdout=C:\Users\jimmy\Desktop\meta-bi\Samples\Demos\MetaOrchestrationHairballCliIntegration\Runs\hairball-seed-20260530\RunArtifacts\runs\20260603-185716_bb82a8c45ce24311ba67a7cf001329c5\logs\AuditHairball-24940.stdout.log; stderr=C:\Users\jimmy\Desktop\meta-bi\Samples\Demos\MetaOrchestrationHairballCliIntegration\Runs\hairball-seed-20260530\RunArtifacts\runs\20260603-185716_bb82a8c45ce24311ba67a7cf001329c5\logs\AuditHairball-24940.stderr.log
2026-06-03T18:57:46.0328618+00:00	WorkerEvent	Layer06Node05	WorkerOnline; ExitCode=0; online
2026-06-03T18:57:46.0351075+00:00	WorkerEvent	Layer08Node06	WorkerReady; ExitCode=0; ready
2026-06-03T18:57:46.0365463+00:00	StartPipeline	Layer08Node06	Layer08Node06
2026-06-03T18:57:46.0377647+00:00	WorkerEvent	Layer06Node05	WorkerReady; ExitCode=0; ready
2026-06-03T18:57:46.0395401+00:00	StartPipeline	Layer06Node05	Layer06Node05
2026-06-03T18:57:46.0403076+00:00	WorkerEvent	Layer06Node10	PipelineStarted; ExitCode=0; pipeline started
2026-06-03T18:57:46.0411094+00:00	WorkerEvent	Layer06Node07.export-l06-n07	TaskReady; ExitCode=0; 
2026-06-03T18:57:46.0419009+00:00	WorkerEvent	Layer06Node01.select-l06-n01	TaskReady; ExitCode=0; 
2026-06-03T18:57:46.0526057+00:00	GrantTask	Layer06Node01.select-l06-n01	Layer06Node01.select-l06-n01; GrantId=grant-77; Attempt=1
2026-06-03T18:57:46.0546441+00:00	GrantTask	Layer06Node07.export-l06-n07	Layer06Node07.export-l06-n07; GrantId=grant-78; Attempt=1
2026-06-03T18:57:46.0550986+00:00	WorkerResuming	BridgeL05L06	ResumeTaskId=BridgeL05L06.bridge-l05-l06-collect; Executable=meta-pipeline
2026-06-03T18:57:46.1917960+00:00	WorkerStarted	BridgeL05L06	14648
2026-06-03T18:57:46.1923810+00:00	WorkerControlPipe	BridgeL05L06	meta-orchestration-8a1bd10643b846c8b1bf167f3689f67a
2026-06-03T18:57:46.1929169+00:00	WorkerLog	BridgeL05L06	stdout=C:\Users\jimmy\Desktop\meta-bi\Samples\Demos\MetaOrchestrationHairballCliIntegration\Runs\hairball-seed-20260530\RunArtifacts\runs\20260603-185716_bb82a8c45ce24311ba67a7cf001329c5\logs\BridgeL05L06-14648.stdout.log; stderr=C:\Users\jimmy\Desktop\meta-bi\Samples\Demos\MetaOrchestrationHairballCliIntegration\Runs\hairball-seed-20260530\RunArtifacts\runs\20260603-185716_bb82a8c45ce24311ba67a7cf001329c5\logs\BridgeL05L06-14648.stderr.log
2026-06-03T18:57:46.1934348+00:00	WorkerEvent	AuditHairball	WorkerOnline; ExitCode=0; online
2026-06-03T18:57:46.1944652+00:00	WorkerEvent	Layer06Node10.refresh-l06-n10	TaskReady; ExitCode=0; 
2026-06-03T18:57:46.1952617+00:00	WorkerEvent	Layer06Node07.export-l06-n07	GrantAccepted; ExitCode=0; 
2026-06-03T18:57:46.1961164+00:00	WorkerEvent	Layer06Node01.select-l06-n01	GrantAccepted; ExitCode=0; 
2026-06-03T18:57:46.2006152+00:00	GrantTask	Layer06Node10.refresh-l06-n10	Layer06Node10.refresh-l06-n10; GrantId=grant-79; Attempt=1
2026-06-03T18:57:46.2012088+00:00	WorkerEvent	AuditHairball	WorkerReady; ExitCode=0; ready
2026-06-03T18:57:46.2148745+00:00	StartPipeline	AuditHairball	AuditHairball
2026-06-03T18:57:46.2157129+00:00	WorkerEvent	Layer06Node07.export-l06-n07	TaskStarted; ExitCode=0; 
2026-06-03T18:57:46.2164119+00:00	WorkerEvent	Layer06Node01.select-l06-n01	TaskStarted; ExitCode=0; 
2026-06-03T18:57:46.2184808+00:00	WorkerEvent	Layer06Node10.refresh-l06-n10	GrantAccepted; ExitCode=0; 
2026-06-03T18:57:46.2291424+00:00	WorkerEvent	Layer06Node10.refresh-l06-n10	TaskStarted; ExitCode=0; 
2026-06-03T18:57:46.2319892+00:00	WorkerEvent	BridgeL05L06	WorkerOnline; ExitCode=0; online
2026-06-03T18:57:46.2404342+00:00	WorkerEvent	BridgeL05L06	WorkerReady; ExitCode=0; ready
2026-06-03T18:57:46.2453898+00:00	StartPipeline	BridgeL05L06	BridgeL05L06
2026-06-03T18:57:46.3622173+00:00	WorkerEvent	Layer05Node05	PipelineStarted; ExitCode=0; pipeline started
2026-06-03T18:57:46.3643469+00:00	WorkerEvent	Layer05Node05.refresh-l05-n05	TaskReady; ExitCode=0; 
2026-06-03T18:57:46.3672891+00:00	GrantTask	Layer05Node05.refresh-l05-n05	Layer05Node05.refresh-l05-n05; GrantId=grant-80; Attempt=1
2026-06-03T18:57:46.3697659+00:00	WorkerEvent	Layer05Node05.refresh-l05-n05	GrantAccepted; ExitCode=0; 
2026-06-03T18:57:46.3754731+00:00	WorkerEvent	Layer05Node05.refresh-l05-n05	TaskStarted; ExitCode=0; 
2026-06-03T18:57:46.4346941+00:00	WorkerEvent	Layer05Node04	PipelineStarted; ExitCode=0; pipeline started
2026-06-03T18:57:46.4368942+00:00	WorkerEvent	Layer05Node04.select-l05-n04	TaskReady; ExitCode=0; 
2026-06-03T18:57:46.4481967+00:00	GrantTask	Layer05Node04.select-l05-n04	Layer05Node04.select-l05-n04; GrantId=grant-81; Attempt=1
2026-06-03T18:57:46.4523829+00:00	WorkerEvent	Layer05Node04.select-l05-n04	GrantAccepted; ExitCode=0; 
2026-06-03T18:57:46.4571267+00:00	WorkerEvent	Layer05Node04.select-l05-n04	TaskStarted; ExitCode=0; 
2026-06-03T18:57:46.4915662+00:00	WorkerEvent	Layer07Node08.export-l07-n08	TaskSucceeded; ExitCode=0; 
2026-06-03T18:57:46.4925134+00:00	TaskSucceeded	Layer07Node08.export-l07-n08	0
2026-06-03T18:57:46.4929863+00:00	WorkerEvent	Layer07Node08	Closed; ExitCode=-1; worker control channel closed
2026-06-03T18:57:46.5014241+00:00	WorkerProcessExited	Layer07Node08	ExitCode=0; worker control channel closed
2026-06-03T18:57:46.5023801+00:00	PipelineCompleted	Layer07Node08	
2026-06-03T18:57:46.5043919+00:00	WorkerResuming	BridgeL07L08	ResumeTaskId=BridgeL07L08.bridge-l07-l08-collect; Executable=meta-pipeline
2026-06-03T18:57:46.7407567+00:00	WorkerStarted	BridgeL07L08	29288
2026-06-03T18:57:46.7413561+00:00	WorkerControlPipe	BridgeL07L08	meta-orchestration-e8431ef483fd4d86a93f5ea6e9396d90
2026-06-03T18:57:46.7417580+00:00	WorkerLog	BridgeL07L08	stdout=C:\Users\jimmy\Desktop\meta-bi\Samples\Demos\MetaOrchestrationHairballCliIntegration\Runs\hairball-seed-20260530\RunArtifacts\runs\20260603-185716_bb82a8c45ce24311ba67a7cf001329c5\logs\BridgeL07L08-29288.stdout.log; stderr=C:\Users\jimmy\Desktop\meta-bi\Samples\Demos\MetaOrchestrationHairballCliIntegration\Runs\hairball-seed-20260530\RunArtifacts\runs\20260603-185716_bb82a8c45ce24311ba67a7cf001329c5\logs\BridgeL07L08-29288.stderr.log
2026-06-03T18:57:46.7422075+00:00	WorkerEvent	Layer05Node01	PipelineStarted; ExitCode=0; pipeline started
2026-06-03T18:57:46.7445501+00:00	WorkerEvent	Layer05Node01.select-l05-n01	TaskReady; ExitCode=0; 
2026-06-03T18:57:46.7519949+00:00	GrantTask	Layer05Node01.select-l05-n01	Layer05Node01.select-l05-n01; GrantId=grant-82; Attempt=1
2026-06-03T18:57:46.7619948+00:00	WorkerEvent	Layer05Node01.select-l05-n01	GrantAccepted; ExitCode=0; 
2026-06-03T18:57:46.7643674+00:00	WorkerEvent	Layer05Node01.select-l05-n01	TaskStarted; ExitCode=0; 
2026-06-03T18:57:46.7726987+00:00	WorkerEvent	BridgeL07L08	WorkerOnline; ExitCode=0; online
2026-06-03T18:57:46.7771647+00:00	WorkerEvent	BridgeL07L08	WorkerReady; ExitCode=0; ready
2026-06-03T18:57:46.7968077+00:00	StartPipeline	BridgeL07L08	BridgeL07L08
2026-06-03T18:57:47.0014171+00:00	WorkerEvent	Layer06Node10.refresh-l06-n10	TaskSucceeded; ExitCode=0; 
2026-06-03T18:57:47.0026701+00:00	TaskSucceeded	Layer06Node10.refresh-l06-n10	0
2026-06-03T18:57:47.0045325+00:00	WorkerEvent	Layer05Node05.refresh-l05-n05	TaskSucceeded; ExitCode=0; 
2026-06-03T18:57:47.0119738+00:00	TaskSucceeded	Layer05Node05.refresh-l05-n05	0
2026-06-03T18:57:47.0148040+00:00	WorkerDeferredForCapacity	Layer05Hub	Deferred by orchestration to honor max active worker process capacity.
2026-06-03T18:57:47.0193773+00:00	StopPipeline	Layer05Hub	Deferred by orchestration to honor max active worker process capacity.
2026-06-03T18:57:47.0198610+00:00	WorkerEvent	Layer08Node06	PipelineStarted; ExitCode=0; pipeline started
2026-06-03T18:57:47.0207403+00:00	WorkerEvent	Layer06Node01.select-l06-n01	TaskSucceeded; ExitCode=0; 
2026-06-03T18:57:47.0216369+00:00	TaskSucceeded	Layer06Node01.select-l06-n01	0
2026-06-03T18:57:47.0220649+00:00	WorkerEvent	Layer06Node01	Closed; ExitCode=-1; worker control channel closed
2026-06-03T18:57:47.0230583+00:00	PipelineCompleted	Layer06Node01	
2026-06-03T18:57:47.0234806+00:00	WorkerEvent	Layer08Node06.select-l08-n06	TaskReady; ExitCode=0; 
2026-06-03T18:57:47.0242899+00:00	WorkerProcessExited	Layer05Node05	ExitCode=0; worker process exited
2026-06-03T18:57:47.0251544+00:00	PipelineCompleted	Layer05Node05	
2026-06-03T18:57:47.0255182+00:00	WorkerProcessExited	Layer06Node10	ExitCode=0; worker process exited
2026-06-03T18:57:47.0262809+00:00	PipelineCompleted	Layer06Node10	
2026-06-03T18:57:47.0327851+00:00	GrantTask	Layer08Node06.select-l08-n06	Layer08Node06.select-l08-n06; GrantId=grant-83; Attempt=1
2026-06-03T18:57:47.0332554+00:00	WorkerStarting	Layer06Node08	meta-pipeline
2026-06-03T18:57:47.1812833+00:00	WorkerStarted	Layer06Node08	1976
2026-06-03T18:57:47.1816784+00:00	WorkerControlPipe	Layer06Node08	meta-orchestration-1b212c41fc6b47c7abd4f1c842814839
2026-06-03T18:57:47.1819814+00:00	WorkerLog	Layer06Node08	stdout=C:\Users\jimmy\Desktop\meta-bi\Samples\Demos\MetaOrchestrationHairballCliIntegration\Runs\hairball-seed-20260530\RunArtifacts\runs\20260603-185716_bb82a8c45ce24311ba67a7cf001329c5\logs\Layer06Node08-1976.stdout.log; stderr=C:\Users\jimmy\Desktop\meta-bi\Samples\Demos\MetaOrchestrationHairballCliIntegration\Runs\hairball-seed-20260530\RunArtifacts\runs\20260603-185716_bb82a8c45ce24311ba67a7cf001329c5\logs\Layer06Node08-1976.stderr.log
2026-06-03T18:57:47.1823546+00:00	WorkerEvent	Layer06Node05	PipelineStarted; ExitCode=0; pipeline started
2026-06-03T18:57:47.1830831+00:00	WorkerEvent	Layer05Hub	Closed; ExitCode=0; worker control channel closed
2026-06-03T18:57:47.1835775+00:00	WorkerProcessExited	Layer05Hub	ExitCode=0; worker control channel closed
2026-06-03T18:57:47.1843587+00:00	WorkerDeferred	Layer05Hub	ResumeTaskId=Layer05Hub.hub-l05-stage
2026-06-03T18:57:47.1847672+00:00	WorkerEvent	Layer06Node05.export-l06-n05	TaskReady; ExitCode=0; 
2026-06-03T18:57:47.1855435+00:00	WorkerEvent	AuditHairball	PipelineStarted; ExitCode=0; pipeline started
2026-06-03T18:57:47.1862574+00:00	WorkerEvent	Layer08Node06.select-l08-n06	GrantAccepted; ExitCode=0; 
2026-06-03T18:57:47.1871712+00:00	WorkerEvent	AuditHairball.audit-hairball	TaskReady; ExitCode=0; 
2026-06-03T18:57:47.1884525+00:00	WorkerEvent	Layer08Node06.select-l08-n06	TaskStarted; ExitCode=0; 
2026-06-03T18:57:47.1892272+00:00	WorkerEvent	Layer06Node07.export-l06-n07	TaskSucceeded; ExitCode=0; 
2026-06-03T18:57:47.1898963+00:00	TaskSucceeded	Layer06Node07.export-l06-n07	0
2026-06-03T18:57:47.1902951+00:00	WorkerProcessExited	Layer06Node01	ExitCode=0; worker process exited
2026-06-03T18:57:47.1907401+00:00	WorkerProcessExited	Layer06Node07	ExitCode=0; worker process exited
2026-06-03T18:57:47.1914968+00:00	PipelineCompleted	Layer06Node07	
2026-06-03T18:57:47.1928241+00:00	GrantTask	Layer06Node05.export-l06-n05	Layer06Node05.export-l06-n05; GrantId=grant-84; Attempt=1
2026-06-03T18:57:47.1934163+00:00	WorkerStarting	Layer07Node05	meta-pipeline
2026-06-03T18:57:47.3025720+00:00	WorkerStarted	Layer07Node05	27104
2026-06-03T18:57:47.3030460+00:00	WorkerControlPipe	Layer07Node05	meta-orchestration-9ec1991d7d5746479c743993be856388
2026-06-03T18:57:47.3035143+00:00	WorkerLog	Layer07Node05	stdout=C:\Users\jimmy\Desktop\meta-bi\Samples\Demos\MetaOrchestrationHairballCliIntegration\Runs\hairball-seed-20260530\RunArtifacts\runs\20260603-185716_bb82a8c45ce24311ba67a7cf001329c5\logs\Layer07Node05-27104.stdout.log; stderr=C:\Users\jimmy\Desktop\meta-bi\Samples\Demos\MetaOrchestrationHairballCliIntegration\Runs\hairball-seed-20260530\RunArtifacts\runs\20260603-185716_bb82a8c45ce24311ba67a7cf001329c5\logs\Layer07Node05-27104.stderr.log
2026-06-03T18:57:47.3039735+00:00	WorkerEvent	Layer06Node05.export-l06-n05	GrantAccepted; ExitCode=0; 
2026-06-03T18:57:47.3050793+00:00	WorkerEvent	Layer05Node04.select-l05-n04	TaskSucceeded; ExitCode=0; 
2026-06-03T18:57:47.3062802+00:00	TaskSucceeded	Layer05Node04.select-l05-n04	0
2026-06-03T18:57:47.3066764+00:00	WorkerEvent	Layer06Node05.export-l06-n05	TaskStarted; ExitCode=0; 
2026-06-03T18:57:47.3074730+00:00	WorkerEvent	Layer06Node08	WorkerOnline; ExitCode=0; online
2026-06-03T18:57:47.3082428+00:00	WorkerProcessExited	Layer05Node04	ExitCode=0; worker process exited
2026-06-03T18:57:47.3090490+00:00	PipelineCompleted	Layer05Node04	
2026-06-03T18:57:47.3094613+00:00	WorkerEvent	Layer06Node08	WorkerReady; ExitCode=0; ready
2026-06-03T18:57:47.3169842+00:00	StartPipeline	Layer06Node08	Layer06Node08
2026-06-03T18:57:47.3186598+00:00	WorkerStarting	Layer05Node08	meta-pipeline
2026-06-03T18:57:47.4774095+00:00	WorkerStarted	Layer05Node08	29776
2026-06-03T18:57:47.4780261+00:00	WorkerControlPipe	Layer05Node08	meta-orchestration-5e08b203781b47899372eed3ada075fa
2026-06-03T18:57:47.4783783+00:00	WorkerLog	Layer05Node08	stdout=C:\Users\jimmy\Desktop\meta-bi\Samples\Demos\MetaOrchestrationHairballCliIntegration\Runs\hairball-seed-20260530\RunArtifacts\runs\20260603-185716_bb82a8c45ce24311ba67a7cf001329c5\logs\Layer05Node08-29776.stdout.log; stderr=C:\Users\jimmy\Desktop\meta-bi\Samples\Demos\MetaOrchestrationHairballCliIntegration\Runs\hairball-seed-20260530\RunArtifacts\runs\20260603-185716_bb82a8c45ce24311ba67a7cf001329c5\logs\Layer05Node08-29776.stderr.log
2026-06-03T18:57:47.4787867+00:00	WorkerEvent	Layer07Node05	WorkerOnline; ExitCode=0; online
2026-06-03T18:57:47.4796725+00:00	WorkerEvent	Layer05Node01.select-l05-n01	TaskSucceeded; ExitCode=0; 
2026-06-03T18:57:47.4803468+00:00	TaskSucceeded	Layer05Node01.select-l05-n01	0
2026-06-03T18:57:47.4806973+00:00	WorkerEvent	Layer07Node05	WorkerReady; ExitCode=0; ready
2026-06-03T18:57:47.4883419+00:00	StartPipeline	Layer07Node05	Layer07Node05
2026-06-03T18:57:47.4893826+00:00	WorkerProcessExited	Layer05Node01	ExitCode=0; worker process exited
2026-06-03T18:57:47.4901600+00:00	PipelineCompleted	Layer05Node01	
2026-06-03T18:57:47.4911665+00:00	WorkerStarting	Layer05Node06	meta-pipeline
2026-06-03T18:57:47.6362855+00:00	WorkerStarted	Layer05Node06	17536
2026-06-03T18:57:47.6368768+00:00	WorkerControlPipe	Layer05Node06	meta-orchestration-903c4972ef0542cd94bfc8a27b51d90a
2026-06-03T18:57:47.6375032+00:00	WorkerLog	Layer05Node06	stdout=C:\Users\jimmy\Desktop\meta-bi\Samples\Demos\MetaOrchestrationHairballCliIntegration\Runs\hairball-seed-20260530\RunArtifacts\runs\20260603-185716_bb82a8c45ce24311ba67a7cf001329c5\logs\Layer05Node06-17536.stdout.log; stderr=C:\Users\jimmy\Desktop\meta-bi\Samples\Demos\MetaOrchestrationHairballCliIntegration\Runs\hairball-seed-20260530\RunArtifacts\runs\20260603-185716_bb82a8c45ce24311ba67a7cf001329c5\logs\Layer05Node06-17536.stderr.log
2026-06-03T18:57:47.6385465+00:00	WorkerEvent	BridgeL05L06	PipelineStarted; ExitCode=0; pipeline started
2026-06-03T18:57:47.6395691+00:00	WorkerEvent	Layer05Node08	WorkerOnline; ExitCode=0; online
2026-06-03T18:57:47.6423079+00:00	WorkerResuming	CompositeMart	ResumeTaskId=CompositeMart.composite-stage; Executable=meta-pipeline
2026-06-03T18:57:47.7780218+00:00	WorkerStarted	CompositeMart	25020
2026-06-03T18:57:47.7785013+00:00	WorkerControlPipe	CompositeMart	meta-orchestration-9d3a8bedc6684c09b9350adb466bfb52
2026-06-03T18:57:47.7788106+00:00	WorkerLog	CompositeMart	stdout=C:\Users\jimmy\Desktop\meta-bi\Samples\Demos\MetaOrchestrationHairballCliIntegration\Runs\hairball-seed-20260530\RunArtifacts\runs\20260603-185716_bb82a8c45ce24311ba67a7cf001329c5\logs\CompositeMart-25020.stdout.log; stderr=C:\Users\jimmy\Desktop\meta-bi\Samples\Demos\MetaOrchestrationHairballCliIntegration\Runs\hairball-seed-20260530\RunArtifacts\runs\20260603-185716_bb82a8c45ce24311ba67a7cf001329c5\logs\CompositeMart-25020.stderr.log
2026-06-03T18:57:47.7791753+00:00	WorkerEvent	BridgeL05L06.bridge-l05-l06-collect	TaskReady; ExitCode=0; 
2026-06-03T18:57:47.7799496+00:00	WorkerEvent	Layer08Node06.select-l08-n06	TaskSucceeded; ExitCode=0; 
2026-06-03T18:57:47.7807039+00:00	TaskSucceeded	Layer08Node06.select-l08-n06	0
2026-06-03T18:57:47.7810564+00:00	WorkerEvent	Layer05Node06	WorkerOnline; ExitCode=0; online
2026-06-03T18:57:47.7816864+00:00	WorkerEvent	Layer05Node08	WorkerReady; ExitCode=0; ready
2026-06-03T18:57:47.7823464+00:00	StartPipeline	Layer05Node08	Layer05Node08
2026-06-03T18:57:47.7829909+00:00	WorkerEvent	Layer05Node06	WorkerReady; ExitCode=0; ready
2026-06-03T18:57:47.7935823+00:00	StartPipeline	Layer05Node06	Layer05Node06
2026-06-03T18:57:47.7947824+00:00	WorkerProcessExited	Layer08Node06	ExitCode=0; worker process exited
2026-06-03T18:57:47.7956790+00:00	PipelineCompleted	Layer08Node06	
2026-06-03T18:57:47.7994863+00:00	WorkerResuming	Layer05Hub	ResumeTaskId=Layer05Hub.hub-l05-stage; Executable=meta-pipeline
2026-06-03T18:57:47.9392577+00:00	WorkerStarted	Layer05Hub	9768
2026-06-03T18:57:47.9398580+00:00	WorkerControlPipe	Layer05Hub	meta-orchestration-42e310a5d0d64c60bbe5d8519bbe6404
2026-06-03T18:57:47.9403086+00:00	WorkerLog	Layer05Hub	stdout=C:\Users\jimmy\Desktop\meta-bi\Samples\Demos\MetaOrchestrationHairballCliIntegration\Runs\hairball-seed-20260530\RunArtifacts\runs\20260603-185716_bb82a8c45ce24311ba67a7cf001329c5\logs\Layer05Hub-9768.stdout.log; stderr=C:\Users\jimmy\Desktop\meta-bi\Samples\Demos\MetaOrchestrationHairballCliIntegration\Runs\hairball-seed-20260530\RunArtifacts\runs\20260603-185716_bb82a8c45ce24311ba67a7cf001329c5\logs\Layer05Hub-9768.stderr.log
2026-06-03T18:57:47.9407824+00:00	WorkerEvent	CompositeMart	WorkerOnline; ExitCode=0; online
2026-06-03T18:57:47.9427844+00:00	WorkerStarting	Layer06Hub	meta-pipeline
2026-06-03T18:57:48.0611370+00:00	WorkerStarted	Layer06Hub	23948
2026-06-03T18:57:48.0615682+00:00	WorkerControlPipe	Layer06Hub	meta-orchestration-4d7a4469f9c9435a8c9deec00be62a8a
2026-06-03T18:57:48.0619162+00:00	WorkerLog	Layer06Hub	stdout=C:\Users\jimmy\Desktop\meta-bi\Samples\Demos\MetaOrchestrationHairballCliIntegration\Runs\hairball-seed-20260530\RunArtifacts\runs\20260603-185716_bb82a8c45ce24311ba67a7cf001329c5\logs\Layer06Hub-23948.stdout.log; stderr=C:\Users\jimmy\Desktop\meta-bi\Samples\Demos\MetaOrchestrationHairballCliIntegration\Runs\hairball-seed-20260530\RunArtifacts\runs\20260603-185716_bb82a8c45ce24311ba67a7cf001329c5\logs\Layer06Hub-23948.stderr.log
2026-06-03T18:57:48.0623816+00:00	WorkerEvent	Layer06Node05.export-l06-n05	TaskSucceeded; ExitCode=0; 
2026-06-03T18:57:48.0636763+00:00	TaskSucceeded	Layer06Node05.export-l06-n05	0
2026-06-03T18:57:48.0643759+00:00	WorkerEvent	CompositeMart	WorkerReady; ExitCode=0; ready
2026-06-03T18:57:48.0655685+00:00	StartPipeline	CompositeMart	CompositeMart
2026-06-03T18:57:48.0665076+00:00	WorkerEvent	Layer05Hub	WorkerOnline; ExitCode=0; online
2026-06-03T18:57:48.0674825+00:00	WorkerEvent	BridgeL07L08	PipelineStarted; ExitCode=0; pipeline started
2026-06-03T18:57:48.0744976+00:00	WorkerEvent	Layer05Hub	WorkerReady; ExitCode=0; ready
2026-06-03T18:57:48.0754445+00:00	StartPipeline	Layer05Hub	Layer05Hub
2026-06-03T18:57:48.0819613+00:00	WorkerEvent	BridgeL07L08.bridge-l07-l08-collect	TaskReady; ExitCode=0; 
2026-06-03T18:57:48.0826790+00:00	WorkerProcessExited	Layer06Node05	ExitCode=0; worker process exited
2026-06-03T18:57:48.0833647+00:00	PipelineCompleted	Layer06Node05	
2026-06-03T18:57:48.0851545+00:00	GrantTask	BridgeL07L08.bridge-l07-l08-collect	BridgeL07L08.bridge-l07-l08-collect; GrantId=grant-85; Attempt=1
2026-06-03T18:57:48.0896322+00:00	WorkerStarting	Layer07Hub	meta-pipeline
2026-06-03T18:57:48.2302128+00:00	WorkerStarted	Layer07Hub	25420
2026-06-03T18:57:48.2306794+00:00	WorkerControlPipe	Layer07Hub	meta-orchestration-d6a7bc87b0904cfc9443970631ac16c6
2026-06-03T18:57:48.2310530+00:00	WorkerLog	Layer07Hub	stdout=C:\Users\jimmy\Desktop\meta-bi\Samples\Demos\MetaOrchestrationHairballCliIntegration\Runs\hairball-seed-20260530\RunArtifacts\runs\20260603-185716_bb82a8c45ce24311ba67a7cf001329c5\logs\Layer07Hub-25420.stdout.log; stderr=C:\Users\jimmy\Desktop\meta-bi\Samples\Demos\MetaOrchestrationHairballCliIntegration\Runs\hairball-seed-20260530\RunArtifacts\runs\20260603-185716_bb82a8c45ce24311ba67a7cf001329c5\logs\Layer07Hub-25420.stderr.log
2026-06-03T18:57:48.2314906+00:00	WorkerEvent	Layer06Hub	WorkerOnline; ExitCode=0; online
2026-06-03T18:57:48.2327378+00:00	WorkerEvent	BridgeL07L08.bridge-l07-l08-collect	GrantAccepted; ExitCode=0; 
2026-06-03T18:57:48.2335157+00:00	WorkerEvent	Layer06Hub	WorkerReady; ExitCode=0; ready
2026-06-03T18:57:48.2372873+00:00	StartPipeline	Layer06Hub	Layer06Hub
2026-06-03T18:57:48.2382746+00:00	WorkerEvent	BridgeL07L08.bridge-l07-l08-collect	TaskStarted; ExitCode=0; 
2026-06-03T18:57:48.2390547+00:00	WorkerEvent	Layer06Node08	PipelineStarted; ExitCode=0; pipeline started
2026-06-03T18:57:48.2417912+00:00	WorkerStarting	Layer07Node01	meta-pipeline
2026-06-03T18:57:48.3698694+00:00	WorkerStarted	Layer07Node01	29604
2026-06-03T18:57:48.3702321+00:00	WorkerControlPipe	Layer07Node01	meta-orchestration-e36f801422774bc9a9408dfe211c236f
2026-06-03T18:57:48.3705842+00:00	WorkerLog	Layer07Node01	stdout=C:\Users\jimmy\Desktop\meta-bi\Samples\Demos\MetaOrchestrationHairballCliIntegration\Runs\hairball-seed-20260530\RunArtifacts\runs\20260603-185716_bb82a8c45ce24311ba67a7cf001329c5\logs\Layer07Node01-29604.stdout.log; stderr=C:\Users\jimmy\Desktop\meta-bi\Samples\Demos\MetaOrchestrationHairballCliIntegration\Runs\hairball-seed-20260530\RunArtifacts\runs\20260603-185716_bb82a8c45ce24311ba67a7cf001329c5\logs\Layer07Node01-29604.stderr.log
2026-06-03T18:57:48.3711219+00:00	WorkerEvent	Layer07Hub	WorkerOnline; ExitCode=0; online
2026-06-03T18:57:48.3723299+00:00	WorkerEvent	Layer07Node05	PipelineStarted; ExitCode=0; pipeline started
2026-06-03T18:57:48.3740192+00:00	WorkerEvent	Layer07Hub	WorkerReady; ExitCode=0; ready
2026-06-03T18:57:48.3807837+00:00	StartPipeline	Layer07Hub	Layer07Hub
2026-06-03T18:57:48.3818765+00:00	WorkerEvent	Layer07Node05.select-l07-n05	TaskReady; ExitCode=0; 
2026-06-03T18:57:48.3830805+00:00	WorkerEvent	Layer06Node08.export-l06-n08	TaskReady; ExitCode=0; 
2026-06-03T18:57:48.3866388+00:00	GrantTask	Layer06Node08.export-l06-n08	Layer06Node08.export-l06-n08; GrantId=grant-86; Attempt=1
2026-06-03T18:57:48.3921662+00:00	GrantTask	Layer07Node05.select-l07-n05	Layer07Node05.select-l07-n05; GrantId=grant-87; Attempt=1
2026-06-03T18:57:48.3931913+00:00	WorkerEvent	Layer06Node08.export-l06-n08	GrantAccepted; ExitCode=0; 
2026-06-03T18:57:48.4120694+00:00	WorkerEvent	Layer07Node05.select-l07-n05	GrantAccepted; ExitCode=0; 
2026-06-03T18:57:48.4135033+00:00	WorkerEvent	Layer07Node01	WorkerOnline; ExitCode=0; online
2026-06-03T18:57:48.4143823+00:00	WorkerEvent	Layer06Node08.export-l06-n08	TaskStarted; ExitCode=0; 
2026-06-03T18:57:48.4156768+00:00	WorkerEvent	Layer07Node05.select-l07-n05	TaskStarted; ExitCode=0; 
2026-06-03T18:57:48.4305192+00:00	WorkerEvent	Layer07Node01	WorkerReady; ExitCode=0; ready
2026-06-03T18:57:48.4363763+00:00	StartPipeline	Layer07Node01	Layer07Node01
2026-06-03T18:57:48.5731451+00:00	WorkerEvent	Layer05Node08	PipelineStarted; ExitCode=0; pipeline started
2026-06-03T18:57:48.5755652+00:00	WorkerEvent	Layer05Node08.refresh-l05-n08	TaskReady; ExitCode=0; 
2026-06-03T18:57:48.5858380+00:00	GrantTask	Layer05Node08.refresh-l05-n08	Layer05Node08.refresh-l05-n08; GrantId=grant-88; Attempt=1
2026-06-03T18:57:48.5874250+00:00	WorkerEvent	Layer05Node08.refresh-l05-n08	GrantAccepted; ExitCode=0; 
2026-06-03T18:57:48.6002351+00:00	WorkerEvent	Layer05Node06	PipelineStarted; ExitCode=0; pipeline started
2026-06-03T18:57:48.6074667+00:00	WorkerEvent	Layer05Node08.refresh-l05-n08	TaskStarted; ExitCode=0; 
2026-06-03T18:57:48.6086571+00:00	WorkerEvent	Layer05Node06.export-l05-n06	TaskReady; ExitCode=0; 
2026-06-03T18:57:48.6170040+00:00	GrantTask	Layer05Node06.export-l05-n06	Layer05Node06.export-l05-n06; GrantId=grant-89; Attempt=1
2026-06-03T18:57:48.6213629+00:00	WorkerEvent	Layer05Node06.export-l05-n06	GrantAccepted; ExitCode=0; 
2026-06-03T18:57:48.6235599+00:00	WorkerEvent	Layer05Node06.export-l05-n06	TaskStarted; ExitCode=0; 
2026-06-03T18:57:49.1637739+00:00	WorkerEvent	BridgeL07L08.bridge-l07-l08-collect	TaskSucceeded; ExitCode=0; 
2026-06-03T18:57:49.1653361+00:00	TaskSucceeded	BridgeL07L08.bridge-l07-l08-collect	0
2026-06-03T18:57:49.1696755+00:00	WorkerEvent	BridgeL07L08.bridge-l07-l08-north	TaskReady; ExitCode=0; 
2026-06-03T18:57:49.1942216+00:00	WorkerEvent	Layer07Node05.select-l07-n05	TaskSucceeded; ExitCode=0; 
2026-06-03T18:57:49.1954194+00:00	TaskSucceeded	Layer07Node05.select-l07-n05	0
2026-06-03T18:57:49.2007031+00:00	WorkerEvent	Layer07Node05	Closed; ExitCode=-1; worker control channel closed
2026-06-03T18:57:49.2020616+00:00	PipelineCompleted	Layer07Node05	
2026-06-03T18:57:49.2040896+00:00	WorkerStarting	Layer07Node03	meta-pipeline
2026-06-03T18:57:49.3963853+00:00	WorkerStarted	Layer07Node03	4680
2026-06-03T18:57:49.3969995+00:00	WorkerControlPipe	Layer07Node03	meta-orchestration-0cbdd575950d4a22a829d509eacdc110
2026-06-03T18:57:49.3974537+00:00	WorkerLog	Layer07Node03	stdout=C:\Users\jimmy\Desktop\meta-bi\Samples\Demos\MetaOrchestrationHairballCliIntegration\Runs\hairball-seed-20260530\RunArtifacts\runs\20260603-185716_bb82a8c45ce24311ba67a7cf001329c5\logs\Layer07Node03-4680.stdout.log; stderr=C:\Users\jimmy\Desktop\meta-bi\Samples\Demos\MetaOrchestrationHairballCliIntegration\Runs\hairball-seed-20260530\RunArtifacts\runs\20260603-185716_bb82a8c45ce24311ba67a7cf001329c5\logs\Layer07Node03-4680.stderr.log
2026-06-03T18:57:49.3979473+00:00	WorkerEvent	Layer05Node06.export-l05-n06	TaskSucceeded; ExitCode=0; 
2026-06-03T18:57:49.3988106+00:00	TaskSucceeded	Layer05Node06.export-l05-n06	0
2026-06-03T18:57:49.3992231+00:00	WorkerEvent	Layer05Node08.refresh-l05-n08	TaskSucceeded; ExitCode=0; 
2026-06-03T18:57:49.4000345+00:00	TaskSucceeded	Layer05Node08.refresh-l05-n08	0
2026-06-03T18:57:49.4004249+00:00	WorkerEvent	Layer06Node08.export-l06-n08	TaskSucceeded; ExitCode=0; 
2026-06-03T18:57:49.4010662+00:00	TaskSucceeded	Layer06Node08.export-l06-n08	0
2026-06-03T18:57:49.4014280+00:00	WorkerProcessExited	Layer05Node06	ExitCode=0; worker process exited
2026-06-03T18:57:49.4020835+00:00	PipelineCompleted	Layer05Node06	
2026-06-03T18:57:49.4024662+00:00	WorkerProcessExited	Layer05Node08	ExitCode=0; worker process exited
2026-06-03T18:57:49.4032990+00:00	PipelineCompleted	Layer05Node08	
2026-06-03T18:57:49.4037658+00:00	WorkerProcessExited	Layer06Node08	ExitCode=0; worker process exited
2026-06-03T18:57:49.4044164+00:00	PipelineCompleted	Layer06Node08	
2026-06-03T18:57:49.4047810+00:00	WorkerProcessExited	Layer07Node05	ExitCode=0; worker process exited
2026-06-03T18:57:49.4061855+00:00	WorkerStarting	Layer07Node06	meta-pipeline
2026-06-03T18:57:49.5283914+00:00	WorkerStarted	Layer07Node06	23196
2026-06-03T18:57:49.5287854+00:00	WorkerControlPipe	Layer07Node06	meta-orchestration-feae3bbf508244779193775f60ff785d
2026-06-03T18:57:49.5292195+00:00	WorkerLog	Layer07Node06	stdout=C:\Users\jimmy\Desktop\meta-bi\Samples\Demos\MetaOrchestrationHairballCliIntegration\Runs\hairball-seed-20260530\RunArtifacts\runs\20260603-185716_bb82a8c45ce24311ba67a7cf001329c5\logs\Layer07Node06-23196.stdout.log; stderr=C:\Users\jimmy\Desktop\meta-bi\Samples\Demos\MetaOrchestrationHairballCliIntegration\Runs\hairball-seed-20260530\RunArtifacts\runs\20260603-185716_bb82a8c45ce24311ba67a7cf001329c5\logs\Layer07Node06-23196.stderr.log
2026-06-03T18:57:49.5297300+00:00	WorkerEvent	Layer05Hub	PipelineStarted; ExitCode=0; pipeline started
2026-06-03T18:57:49.5306665+00:00	WorkerEvent	Layer07Node01	PipelineStarted; ExitCode=0; pipeline started
2026-06-03T18:57:49.5315832+00:00	WorkerEvent	Layer05Hub.hub-l05-stage	TaskReady; ExitCode=0; 
2026-06-03T18:57:49.5325176+00:00	WorkerEvent	Layer07Node01.select-l07-n01	TaskReady; ExitCode=0; 
2026-06-03T18:57:49.5332679+00:00	WorkerEvent	Layer07Node03	WorkerOnline; ExitCode=0; online
2026-06-03T18:57:49.5342619+00:00	WorkerEvent	Layer07Node03	WorkerReady; ExitCode=0; ready
2026-06-03T18:57:49.5388348+00:00	StartPipeline	Layer07Node03	Layer07Node03
2026-06-03T18:57:49.5409059+00:00	GrantTask	Layer05Hub.hub-l05-stage	Layer05Hub.hub-l05-stage; GrantId=grant-90; Attempt=1
2026-06-03T18:57:49.5418577+00:00	GrantTask	Layer07Node01.select-l07-n01	Layer07Node01.select-l07-n01; GrantId=grant-91; Attempt=1
2026-06-03T18:57:49.5423950+00:00	WorkerStarting	Layer08Hub	meta-pipeline
2026-06-03T18:57:49.6575579+00:00	WorkerStarted	Layer08Hub	24568
2026-06-03T18:57:49.6580513+00:00	WorkerControlPipe	Layer08Hub	meta-orchestration-a760a0e9a1e644a0872a0c4fd828285b
2026-06-03T18:57:49.6585957+00:00	WorkerLog	Layer08Hub	stdout=C:\Users\jimmy\Desktop\meta-bi\Samples\Demos\MetaOrchestrationHairballCliIntegration\Runs\hairball-seed-20260530\RunArtifacts\runs\20260603-185716_bb82a8c45ce24311ba67a7cf001329c5\logs\Layer08Hub-24568.stdout.log; stderr=C:\Users\jimmy\Desktop\meta-bi\Samples\Demos\MetaOrchestrationHairballCliIntegration\Runs\hairball-seed-20260530\RunArtifacts\runs\20260603-185716_bb82a8c45ce24311ba67a7cf001329c5\logs\Layer08Hub-24568.stderr.log
2026-06-03T18:57:49.6592192+00:00	WorkerEvent	CompositeMart	PipelineStarted; ExitCode=0; pipeline started
2026-06-03T18:57:49.6603122+00:00	WorkerEvent	Layer05Hub.hub-l05-stage	GrantAccepted; ExitCode=0; 
2026-06-03T18:57:49.6612948+00:00	WorkerEvent	CompositeMart.composite-stage	TaskReady; ExitCode=0; 
2026-06-03T18:57:49.6627598+00:00	WorkerEvent	Layer05Hub.hub-l05-stage	TaskStarted; ExitCode=0; 
2026-06-03T18:57:49.6638087+00:00	WorkerEvent	Layer07Node01.select-l07-n01	GrantAccepted; ExitCode=0; 
2026-06-03T18:57:49.6648073+00:00	WorkerEvent	Layer06Hub	PipelineStarted; ExitCode=0; pipeline started
2026-06-03T18:57:49.6656503+00:00	WorkerEvent	Layer07Node01.select-l07-n01	TaskStarted; ExitCode=0; 
2026-06-03T18:57:49.6666199+00:00	WorkerEvent	Layer06Hub.hub-l06-stage	TaskReady; ExitCode=0; 
2026-06-03T18:57:49.6677164+00:00	WorkerEvent	Layer07Node06	WorkerOnline; ExitCode=0; online
2026-06-03T18:57:49.6713033+00:00	GrantTask	Layer06Hub.hub-l06-stage	Layer06Hub.hub-l06-stage; GrantId=grant-92; Attempt=1
2026-06-03T18:57:49.6717735+00:00	WorkerStarting	Layer08Node01	meta-pipeline
2026-06-03T18:57:49.7829501+00:00	WorkerStarted	Layer08Node01	19264
2026-06-03T18:57:49.7833509+00:00	WorkerControlPipe	Layer08Node01	meta-orchestration-2e7509628384415282cc95735531b6df
2026-06-03T18:57:49.7837842+00:00	WorkerLog	Layer08Node01	stdout=C:\Users\jimmy\Desktop\meta-bi\Samples\Demos\MetaOrchestrationHairballCliIntegration\Runs\hairball-seed-20260530\RunArtifacts\runs\20260603-185716_bb82a8c45ce24311ba67a7cf001329c5\logs\Layer08Node01-19264.stdout.log; stderr=C:\Users\jimmy\Desktop\meta-bi\Samples\Demos\MetaOrchestrationHairballCliIntegration\Runs\hairball-seed-20260530\RunArtifacts\runs\20260603-185716_bb82a8c45ce24311ba67a7cf001329c5\logs\Layer08Node01-19264.stderr.log
2026-06-03T18:57:49.7842966+00:00	WorkerEvent	Layer07Hub	PipelineStarted; ExitCode=0; pipeline started
2026-06-03T18:57:49.7857129+00:00	WorkerEvent	Layer06Hub.hub-l06-stage	GrantAccepted; ExitCode=0; 
2026-06-03T18:57:49.7869754+00:00	WorkerEvent	Layer07Hub.hub-l07-stage	TaskReady; ExitCode=0; 
2026-06-03T18:57:49.7881168+00:00	WorkerEvent	Layer06Hub.hub-l06-stage	TaskStarted; ExitCode=0; 
2026-06-03T18:57:49.7891297+00:00	WorkerEvent	Layer08Hub	WorkerOnline; ExitCode=0; online
2026-06-03T18:57:49.7903074+00:00	WorkerEvent	Layer07Node06	WorkerReady; ExitCode=0; ready
2026-06-03T18:57:49.7912365+00:00	StartPipeline	Layer07Node06	Layer07Node06
2026-06-03T18:57:49.7921914+00:00	WorkerEvent	Layer08Hub	WorkerReady; ExitCode=0; ready
2026-06-03T18:57:49.7997051+00:00	StartPipeline	Layer08Hub	Layer08Hub
2026-06-03T18:57:49.8129124+00:00	WorkerEvent	Layer08Node01	WorkerOnline; ExitCode=0; online
2026-06-03T18:57:49.8221938+00:00	WorkerEvent	Layer08Node01	WorkerReady; ExitCode=0; ready
2026-06-03T18:57:49.8298079+00:00	StartPipeline	Layer08Node01	Layer08Node01
2026-06-03T18:57:50.3174398+00:00	WorkerEvent	Layer07Node01.select-l07-n01	TaskSucceeded; ExitCode=0; 
2026-06-03T18:57:50.3188486+00:00	TaskSucceeded	Layer07Node01.select-l07-n01	0
2026-06-03T18:57:50.3265018+00:00	GrantTask	CompositeMart.composite-stage	CompositeMart.composite-stage; GrantId=grant-93; Attempt=1
2026-06-03T18:57:50.3361846+00:00	WorkerEvent	CompositeMart.composite-stage	GrantAccepted; ExitCode=0; 
2026-06-03T18:57:50.3445258+00:00	WorkerEvent	Layer07Node01	Closed; ExitCode=-1; worker control channel closed
2026-06-03T18:57:50.3464136+00:00	WorkerProcessExited	Layer07Node01	ExitCode=0; worker control channel closed
2026-06-03T18:57:50.3475646+00:00	PipelineCompleted	Layer07Node01	
2026-06-03T18:57:50.3480568+00:00	WorkerEvent	CompositeMart.composite-stage	TaskStarted; ExitCode=0; 
2026-06-03T18:57:50.3510434+00:00	WorkerStarting	Layer08Node02	meta-pipeline
2026-06-03T18:57:50.5318525+00:00	WorkerStarted	Layer08Node02	18768
2026-06-03T18:57:50.5323069+00:00	WorkerControlPipe	Layer08Node02	meta-orchestration-1e515f18d0d24adc88d6300cf603f0e6
2026-06-03T18:57:50.5327120+00:00	WorkerLog	Layer08Node02	stdout=C:\Users\jimmy\Desktop\meta-bi\Samples\Demos\MetaOrchestrationHairballCliIntegration\Runs\hairball-seed-20260530\RunArtifacts\runs\20260603-185716_bb82a8c45ce24311ba67a7cf001329c5\logs\Layer08Node02-18768.stdout.log; stderr=C:\Users\jimmy\Desktop\meta-bi\Samples\Demos\MetaOrchestrationHairballCliIntegration\Runs\hairball-seed-20260530\RunArtifacts\runs\20260603-185716_bb82a8c45ce24311ba67a7cf001329c5\logs\Layer08Node02-18768.stderr.log
2026-06-03T18:57:50.5333096+00:00	WorkerEvent	Layer05Hub.hub-l05-stage	TaskSucceeded; ExitCode=0; 
2026-06-03T18:57:50.5343320+00:00	TaskSucceeded	Layer05Hub.hub-l05-stage	0
2026-06-03T18:57:50.5349779+00:00	WorkerEvent	Layer07Node03	PipelineStarted; ExitCode=0; pipeline started
2026-06-03T18:57:50.5359711+00:00	WorkerEvent	Layer05Hub.hub-l05-curate	TaskReady; ExitCode=0; 
2026-06-03T18:57:50.5368336+00:00	WorkerEvent	Layer07Node03.refresh-l07-n03	TaskReady; ExitCode=0; 
2026-06-03T18:57:50.5376396+00:00	WorkerEvent	Layer06Hub.hub-l06-stage	TaskSucceeded; ExitCode=0; 
2026-06-03T18:57:50.5385733+00:00	TaskSucceeded	Layer06Hub.hub-l06-stage	0
2026-06-03T18:57:50.5404880+00:00	GrantTask	BridgeL05L06.bridge-l05-l06-collect	BridgeL05L06.bridge-l05-l06-collect; GrantId=grant-94; Attempt=1
2026-06-03T18:57:50.5413522+00:00	GrantTask	Layer05Hub.hub-l05-curate	Layer05Hub.hub-l05-curate; GrantId=grant-95; Attempt=1
2026-06-03T18:57:50.5418069+00:00	WorkerEvent	BridgeL05L06.bridge-l05-l06-collect	GrantAccepted; ExitCode=0; 
2026-06-03T18:57:50.5427212+00:00	WorkerEvent	Layer06Hub.hub-l06-curate	TaskReady; ExitCode=0; 
2026-06-03T18:57:50.5435262+00:00	WorkerEvent	BridgeL05L06.bridge-l05-l06-collect	TaskStarted; ExitCode=0; 
2026-06-03T18:57:50.5452019+00:00	WorkerEvent	Layer05Hub.hub-l05-curate	GrantAccepted; ExitCode=0; 
2026-06-03T18:57:50.5489222+00:00	GrantTask	Layer06Hub.hub-l06-curate	Layer06Hub.hub-l06-curate; GrantId=grant-96; Attempt=1
2026-06-03T18:57:50.5494092+00:00	WorkerEvent	Layer05Hub.hub-l05-curate	TaskStarted; ExitCode=0; 
2026-06-03T18:57:50.5517883+00:00	WorkerEvent	Layer06Hub.hub-l06-curate	GrantAccepted; ExitCode=0; 
2026-06-03T18:57:50.5573118+00:00	WorkerEvent	Layer06Hub.hub-l06-curate	TaskStarted; ExitCode=0; 
2026-06-03T18:57:50.5641714+00:00	WorkerEvent	Layer08Node02	WorkerOnline; ExitCode=0; online
2026-06-03T18:57:50.5783862+00:00	WorkerEvent	Layer08Node02	WorkerReady; ExitCode=0; ready
2026-06-03T18:57:50.5799776+00:00	StartPipeline	Layer08Node02	Layer08Node02
2026-06-03T18:57:50.6920464+00:00	WorkerEvent	Layer05Hub.hub-l05-curate	TaskSucceeded; ExitCode=0; 
2026-06-03T18:57:50.6931433+00:00	TaskSucceeded	Layer05Hub.hub-l05-curate	0
2026-06-03T18:57:50.6958040+00:00	WorkerEvent	Layer05Hub.hub-l05-publish	TaskReady; ExitCode=0; 
2026-06-03T18:57:50.6992726+00:00	GrantTask	Layer05Hub.hub-l05-publish	Layer05Hub.hub-l05-publish; GrantId=grant-97; Attempt=1
2026-06-03T18:57:50.7008865+00:00	WorkerEvent	Layer05Hub.hub-l05-publish	GrantAccepted; ExitCode=0; 
2026-06-03T18:57:50.7037548+00:00	WorkerEvent	Layer05Hub.hub-l05-publish	TaskStarted; ExitCode=0; 
2026-06-03T18:57:50.7051664+00:00	WorkerEvent	Layer06Hub.hub-l06-curate	TaskSucceeded; ExitCode=0; 
2026-06-03T18:57:50.7060200+00:00	TaskSucceeded	Layer06Hub.hub-l06-curate	0
2026-06-03T18:57:50.7091644+00:00	WorkerEvent	Layer06Hub.hub-l06-publish	TaskReady; ExitCode=0; 
2026-06-03T18:57:50.7113221+00:00	GrantTask	Layer06Hub.hub-l06-publish	Layer06Hub.hub-l06-publish; GrantId=grant-98; Attempt=1
2026-06-03T18:57:50.7137250+00:00	WorkerEvent	Layer06Hub.hub-l06-publish	GrantAccepted; ExitCode=0; 
2026-06-03T18:57:50.7158284+00:00	WorkerEvent	Layer06Hub.hub-l06-publish	TaskStarted; ExitCode=0; 
2026-06-03T18:57:50.7607762+00:00	WorkerEvent	Layer08Node01	PipelineStarted; ExitCode=0; pipeline started
2026-06-03T18:57:50.7640498+00:00	WorkerEvent	Layer08Node01.refresh-l08-n01	TaskReady; ExitCode=0; 
2026-06-03T18:57:50.7669617+00:00	GrantTask	Layer08Node01.refresh-l08-n01	Layer08Node01.refresh-l08-n01; GrantId=grant-99; Attempt=1
2026-06-03T18:57:50.7687308+00:00	WorkerEvent	Layer08Node01.refresh-l08-n01	GrantAccepted; ExitCode=0; 
2026-06-03T18:57:50.7712571+00:00	WorkerEvent	Layer08Node01.refresh-l08-n01	TaskStarted; ExitCode=0; 
2026-06-03T18:57:50.7968558+00:00	WorkerEvent	Layer07Node06	PipelineStarted; ExitCode=0; pipeline started
2026-06-03T18:57:50.7999527+00:00	WorkerEvent	Layer07Node06.export-l07-n06	TaskReady; ExitCode=0; 
2026-06-03T18:57:50.8052305+00:00	GrantTask	Layer07Node06.export-l07-n06	Layer07Node06.export-l07-n06; GrantId=grant-100; Attempt=1
2026-06-03T18:57:50.8073371+00:00	WorkerEvent	Layer07Node06.export-l07-n06	GrantAccepted; ExitCode=0; 
2026-06-03T18:57:50.8101519+00:00	WorkerEvent	Layer07Node06.export-l07-n06	TaskStarted; ExitCode=0; 
2026-06-03T18:57:50.9263432+00:00	WorkerEvent	Layer06Hub.hub-l06-publish	TaskSucceeded; ExitCode=0; 
2026-06-03T18:57:50.9275822+00:00	TaskSucceeded	Layer06Hub.hub-l06-publish	0
2026-06-03T18:57:50.9299241+00:00	WorkerDeferredForCapacity	AuditHairball	Deferred by orchestration to honor max active worker process capacity.
2026-06-03T18:57:50.9306249+00:00	StopPipeline	AuditHairball	Deferred by orchestration to honor max active worker process capacity.
2026-06-03T18:57:50.9315694+00:00	WorkerEvent	Layer06Hub	Closed; ExitCode=-1; worker control channel closed
2026-06-03T18:57:50.9324833+00:00	PipelineCompleted	Layer06Hub	
2026-06-03T18:57:50.9344771+00:00	WorkerStarting	RegionalMart02	meta-pipeline
2026-06-03T18:57:51.0832646+00:00	WorkerStarted	RegionalMart02	21092
2026-06-03T18:57:51.0837589+00:00	WorkerControlPipe	RegionalMart02	meta-orchestration-46f2a717a181467486b1824676d2e7be
2026-06-03T18:57:51.0841564+00:00	WorkerLog	RegionalMart02	stdout=C:\Users\jimmy\Desktop\meta-bi\Samples\Demos\MetaOrchestrationHairballCliIntegration\Runs\hairball-seed-20260530\RunArtifacts\runs\20260603-185716_bb82a8c45ce24311ba67a7cf001329c5\logs\RegionalMart02-21092.stdout.log; stderr=C:\Users\jimmy\Desktop\meta-bi\Samples\Demos\MetaOrchestrationHairballCliIntegration\Runs\hairball-seed-20260530\RunArtifacts\runs\20260603-185716_bb82a8c45ce24311ba67a7cf001329c5\logs\RegionalMart02-21092.stderr.log
2026-06-03T18:57:51.0847657+00:00	WorkerEvent	CompositeMart.composite-stage	TaskSucceeded; ExitCode=0; 
2026-06-03T18:57:51.0855424+00:00	TaskSucceeded	CompositeMart.composite-stage	0
2026-06-03T18:57:51.0861196+00:00	WorkerEvent	AuditHairball	Closed; ExitCode=0; worker control channel closed
2026-06-03T18:57:51.0866209+00:00	WorkerProcessExited	AuditHairball	ExitCode=0; worker control channel closed
2026-06-03T18:57:51.0873152+00:00	WorkerDeferred	AuditHairball	ResumeTaskId=AuditHairball.audit-hairball
2026-06-03T18:57:51.0877618+00:00	WorkerEvent	CompositeMart.composite-curate	TaskReady; ExitCode=0; 
2026-06-03T18:57:51.0885175+00:00	WorkerEvent	Layer05Hub.hub-l05-publish	TaskSucceeded; ExitCode=0; 
2026-06-03T18:57:51.0893225+00:00	TaskSucceeded	Layer05Hub.hub-l05-publish	0
2026-06-03T18:57:51.0896949+00:00	WorkerProcessExited	Layer06Hub	ExitCode=0; worker process exited
2026-06-03T18:57:51.0902866+00:00	WorkerProcessExited	Layer05Hub	ExitCode=0; worker process exited
2026-06-03T18:57:51.0911549+00:00	PipelineCompleted	Layer05Hub	
2026-06-03T18:57:51.0929346+00:00	GrantTask	Layer07Node03.refresh-l07-n03	Layer07Node03.refresh-l07-n03; GrantId=grant-101; Attempt=1
2026-06-03T18:57:51.0934005+00:00	WorkerResuming	AuditHairball	ResumeTaskId=AuditHairball.audit-hairball; Executable=meta-pipeline
2026-06-03T18:57:51.2021988+00:00	WorkerStarted	AuditHairball	6688
2026-06-03T18:57:51.2028598+00:00	WorkerControlPipe	AuditHairball	meta-orchestration-aab26e13b6564c2799ab116cf52592ec
2026-06-03T18:57:51.2033512+00:00	WorkerLog	AuditHairball	stdout=C:\Users\jimmy\Desktop\meta-bi\Samples\Demos\MetaOrchestrationHairballCliIntegration\Runs\hairball-seed-20260530\RunArtifacts\runs\20260603-185716_bb82a8c45ce24311ba67a7cf001329c5\logs\AuditHairball-6688.stdout.log; stderr=C:\Users\jimmy\Desktop\meta-bi\Samples\Demos\MetaOrchestrationHairballCliIntegration\Runs\hairball-seed-20260530\RunArtifacts\runs\20260603-185716_bb82a8c45ce24311ba67a7cf001329c5\logs\AuditHairball-6688.stderr.log
2026-06-03T18:57:51.2039625+00:00	WorkerEvent	Layer07Node03.refresh-l07-n03	GrantAccepted; ExitCode=0; 
2026-06-03T18:57:51.2052061+00:00	WorkerEvent	RegionalMart02	WorkerOnline; ExitCode=0; online
2026-06-03T18:57:51.2062042+00:00	WorkerEvent	Layer07Node03.refresh-l07-n03	TaskStarted; ExitCode=0; 
2026-06-03T18:57:51.2069738+00:00	WorkerEvent	Layer08Hub	PipelineStarted; ExitCode=0; pipeline started
2026-06-03T18:57:51.2087282+00:00	WorkerEvent	RegionalMart02	WorkerReady; ExitCode=0; ready
2026-06-03T18:57:51.2115659+00:00	StartPipeline	RegionalMart02	RegionalMart02
2026-06-03T18:57:51.2124520+00:00	WorkerEvent	Layer08Hub.hub-l08-stage	TaskReady; ExitCode=0; 
2026-06-03T18:57:51.2140318+00:00	WorkerStarting	Layer08Node03	meta-pipeline
2026-06-03T18:57:51.3349425+00:00	WorkerStarted	Layer08Node03	27880
2026-06-03T18:57:51.3353567+00:00	WorkerControlPipe	Layer08Node03	meta-orchestration-295f4d33b4504ef884c5e4fe16f1bb23
2026-06-03T18:57:51.3357017+00:00	WorkerLog	Layer08Node03	stdout=C:\Users\jimmy\Desktop\meta-bi\Samples\Demos\MetaOrchestrationHairballCliIntegration\Runs\hairball-seed-20260530\RunArtifacts\runs\20260603-185716_bb82a8c45ce24311ba67a7cf001329c5\logs\Layer08Node03-27880.stdout.log; stderr=C:\Users\jimmy\Desktop\meta-bi\Samples\Demos\MetaOrchestrationHairballCliIntegration\Runs\hairball-seed-20260530\RunArtifacts\runs\20260603-185716_bb82a8c45ce24311ba67a7cf001329c5\logs\Layer08Node03-27880.stderr.log
2026-06-03T18:57:51.3361310+00:00	WorkerEvent	BridgeL05L06.bridge-l05-l06-collect	TaskSucceeded; ExitCode=0; 
2026-06-03T18:57:51.3369203+00:00	TaskSucceeded	BridgeL05L06.bridge-l05-l06-collect	0
2026-06-03T18:57:51.3376027+00:00	WorkerEvent	AuditHairball	WorkerOnline; ExitCode=0; online
2026-06-03T18:57:51.3384052+00:00	WorkerEvent	BridgeL05L06.bridge-l05-l06-north	TaskReady; ExitCode=0; 
2026-06-03T18:57:51.3392051+00:00	WorkerEvent	AuditHairball	WorkerReady; ExitCode=0; ready
2026-06-03T18:57:51.3440987+00:00	StartPipeline	AuditHairball	AuditHairball
2026-06-03T18:57:51.3451137+00:00	WorkerEvent	Layer08Node01.refresh-l08-n01	TaskSucceeded; ExitCode=0; 
2026-06-03T18:57:51.3460787+00:00	TaskSucceeded	Layer08Node01.refresh-l08-n01	0
2026-06-03T18:57:51.3464812+00:00	WorkerProcessExited	Layer08Node01	ExitCode=0; worker process exited
2026-06-03T18:57:51.3478614+00:00	PipelineCompleted	Layer08Node01	
2026-06-03T18:57:51.3491528+00:00	GrantTask	BridgeL05L06.bridge-l05-l06-north	BridgeL05L06.bridge-l05-l06-north; GrantId=grant-102; Attempt=1
2026-06-03T18:57:51.3496672+00:00	GrantTask	BridgeL07L08.bridge-l07-l08-north	BridgeL07L08.bridge-l07-l08-north; GrantId=grant-103; Attempt=1
2026-06-03T18:57:51.3500560+00:00	WorkerStarting	Layer08Node04	meta-pipeline
2026-06-03T18:57:51.5436612+00:00	WorkerStarted	Layer08Node04	22800
2026-06-03T18:57:51.5442582+00:00	WorkerControlPipe	Layer08Node04	meta-orchestration-f652d11c211145f48167a0e725ad7f4c
2026-06-03T18:57:51.5455957+00:00	WorkerLog	Layer08Node04	stdout=C:\Users\jimmy\Desktop\meta-bi\Samples\Demos\MetaOrchestrationHairballCliIntegration\Runs\hairball-seed-20260530\RunArtifacts\runs\20260603-185716_bb82a8c45ce24311ba67a7cf001329c5\logs\Layer08Node04-22800.stdout.log; stderr=C:\Users\jimmy\Desktop\meta-bi\Samples\Demos\MetaOrchestrationHairballCliIntegration\Runs\hairball-seed-20260530\RunArtifacts\runs\20260603-185716_bb82a8c45ce24311ba67a7cf001329c5\logs\Layer08Node04-22800.stderr.log
2026-06-03T18:57:51.5461056+00:00	WorkerEvent	BridgeL05L06.bridge-l05-l06-north	GrantAccepted; ExitCode=0; 
2026-06-03T18:57:51.5468912+00:00	WorkerEvent	Layer08Node03	WorkerOnline; ExitCode=0; online
2026-06-03T18:57:51.5476628+00:00	WorkerEvent	Layer08Node02	PipelineStarted; ExitCode=0; pipeline started
2026-06-03T18:57:51.5506535+00:00	WorkerEvent	BridgeL05L06.bridge-l05-l06-north	TaskStarted; ExitCode=0; 
2026-06-03T18:57:51.5516063+00:00	WorkerEvent	Layer08Node03	WorkerReady; ExitCode=0; ready
2026-06-03T18:57:51.5557143+00:00	StartPipeline	Layer08Node03	Layer08Node03
2026-06-03T18:57:51.5567944+00:00	WorkerEvent	Layer08Node02.select-l08-n02	TaskReady; ExitCode=0; 
2026-06-03T18:57:51.5641743+00:00	WorkerEvent	BridgeL07L08.bridge-l07-l08-north	GrantAccepted; ExitCode=0; 
2026-06-03T18:57:51.5651541+00:00	WorkerEvent	Layer07Node06.export-l07-n06	TaskSucceeded; ExitCode=0; 
2026-06-03T18:57:51.5659670+00:00	TaskSucceeded	Layer07Node06.export-l07-n06	0
2026-06-03T18:57:51.5664681+00:00	WorkerProcessExited	Layer07Node06	ExitCode=0; worker process exited
2026-06-03T18:57:51.5673707+00:00	PipelineCompleted	Layer07Node06	
2026-06-03T18:57:51.5677638+00:00	WorkerEvent	BridgeL07L08.bridge-l07-l08-north	TaskStarted; ExitCode=0; 
2026-06-03T18:57:51.5704859+00:00	GrantTask	Layer08Node02.select-l08-n02	Layer08Node02.select-l08-n02; GrantId=grant-104; Attempt=1
2026-06-03T18:57:51.5709997+00:00	WorkerStarting	Layer08Node08	meta-pipeline
2026-06-03T18:57:51.7839706+00:00	WorkerStarted	Layer08Node08	24992
2026-06-03T18:57:51.7844865+00:00	WorkerControlPipe	Layer08Node08	meta-orchestration-25a29cc6eacd463ba1b49abb27baee55
2026-06-03T18:57:51.7849841+00:00	WorkerLog	Layer08Node08	stdout=C:\Users\jimmy\Desktop\meta-bi\Samples\Demos\MetaOrchestrationHairballCliIntegration\Runs\hairball-seed-20260530\RunArtifacts\runs\20260603-185716_bb82a8c45ce24311ba67a7cf001329c5\logs\Layer08Node08-24992.stdout.log; stderr=C:\Users\jimmy\Desktop\meta-bi\Samples\Demos\MetaOrchestrationHairballCliIntegration\Runs\hairball-seed-20260530\RunArtifacts\runs\20260603-185716_bb82a8c45ce24311ba67a7cf001329c5\logs\Layer08Node08-24992.stderr.log
2026-06-03T18:57:51.7854963+00:00	WorkerEvent	BridgeL05L06.bridge-l05-l06-north	TaskSucceeded; ExitCode=0; 
2026-06-03T18:57:51.7863321+00:00	TaskSucceeded	BridgeL05L06.bridge-l05-l06-north	0
2026-06-03T18:57:51.7868646+00:00	WorkerEvent	Layer08Node02.select-l08-n02	GrantAccepted; ExitCode=0; 
2026-06-03T18:57:51.7880264+00:00	WorkerEvent	Layer08Node04	WorkerOnline; ExitCode=0; online
2026-06-03T18:57:51.7890929+00:00	WorkerEvent	BridgeL07L08.bridge-l07-l08-north	TaskSucceeded; ExitCode=0; 
2026-06-03T18:57:51.7898751+00:00	TaskSucceeded	BridgeL07L08.bridge-l07-l08-north	0
2026-06-03T18:57:51.7931118+00:00	WorkerEvent	BridgeL05L06.bridge-l05-l06-south	TaskReady; ExitCode=0; 
2026-06-03T18:57:51.7979969+00:00	GrantTask	BridgeL05L06.bridge-l05-l06-south	BridgeL05L06.bridge-l05-l06-south; GrantId=grant-105; Attempt=1
2026-06-03T18:57:51.7985013+00:00	WorkerEvent	Layer08Node02.select-l08-n02	TaskStarted; ExitCode=0; 
2026-06-03T18:57:51.7994638+00:00	WorkerEvent	Layer07Node03.refresh-l07-n03	TaskSucceeded; ExitCode=0; 
2026-06-03T18:57:51.8005381+00:00	TaskSucceeded	Layer07Node03.refresh-l07-n03	0
2026-06-03T18:57:51.8010095+00:00	WorkerEvent	Layer07Node03	Closed; ExitCode=-1; worker control channel closed
2026-06-03T18:57:51.8017815+00:00	PipelineCompleted	Layer07Node03	
2026-06-03T18:57:51.8021682+00:00	WorkerEvent	Layer08Node04	WorkerReady; ExitCode=0; ready
2026-06-03T18:57:51.8030145+00:00	StartPipeline	Layer08Node04	Layer08Node04
2026-06-03T18:57:51.8065985+00:00	WorkerEvent	BridgeL05L06.bridge-l05-l06-south	GrantAccepted; ExitCode=0; 
2026-06-03T18:57:51.8138935+00:00	WorkerEvent	BridgeL07L08.bridge-l07-l08-south	TaskReady; ExitCode=0; 
2026-06-03T18:57:51.8149246+00:00	WorkerProcessExited	Layer07Node03	ExitCode=0; worker process exited
2026-06-03T18:57:51.8234777+00:00	GrantTask	BridgeL07L08.bridge-l07-l08-south	BridgeL07L08.bridge-l07-l08-south; GrantId=grant-106; Attempt=1
2026-06-03T18:57:51.8244957+00:00	GrantTask	Layer07Hub.hub-l07-stage	Layer07Hub.hub-l07-stage; GrantId=grant-107; Attempt=1
2026-06-03T18:57:51.8248906+00:00	WorkerStarting	PublishHairballFinal	meta-pipeline
2026-06-03T18:57:52.0359092+00:00	WorkerStarted	PublishHairballFinal	28168
2026-06-03T18:57:52.0364289+00:00	WorkerControlPipe	PublishHairballFinal	meta-orchestration-342df7c4181f401da42f59f3bfce1b85
2026-06-03T18:57:52.0368385+00:00	WorkerLog	PublishHairballFinal	stdout=C:\Users\jimmy\Desktop\meta-bi\Samples\Demos\MetaOrchestrationHairballCliIntegration\Runs\hairball-seed-20260530\RunArtifacts\runs\20260603-185716_bb82a8c45ce24311ba67a7cf001329c5\logs\PublishHairballFinal-28168.stdout.log; stderr=C:\Users\jimmy\Desktop\meta-bi\Samples\Demos\MetaOrchestrationHairballCliIntegration\Runs\hairball-seed-20260530\RunArtifacts\runs\20260603-185716_bb82a8c45ce24311ba67a7cf001329c5\logs\PublishHairballFinal-28168.stderr.log
2026-06-03T18:57:52.0374930+00:00	WorkerEvent	Layer07Hub.hub-l07-stage	GrantAccepted; ExitCode=0; 
2026-06-03T18:57:52.0385869+00:00	WorkerEvent	BridgeL05L06.bridge-l05-l06-south	TaskStarted; ExitCode=0; 
2026-06-03T18:57:52.0394456+00:00	WorkerEvent	BridgeL07L08.bridge-l07-l08-south	GrantAccepted; ExitCode=0; 
2026-06-03T18:57:52.0446700+00:00	WorkerEvent	Layer08Node08	WorkerOnline; ExitCode=0; online
2026-06-03T18:57:52.0468976+00:00	WorkerEvent	Layer07Hub.hub-l07-stage	TaskStarted; ExitCode=0; 
2026-06-03T18:57:52.0552774+00:00	WorkerEvent	BridgeL05L06.bridge-l05-l06-south	TaskSucceeded; ExitCode=0; 
2026-06-03T18:57:52.0561837+00:00	TaskSucceeded	BridgeL05L06.bridge-l05-l06-south	0
2026-06-03T18:57:52.0584463+00:00	WorkerEvent	BridgeL07L08.bridge-l07-l08-south	TaskStarted; ExitCode=0; 
2026-06-03T18:57:52.0620112+00:00	WorkerEvent	Layer08Node08	WorkerReady; ExitCode=0; ready
2026-06-03T18:57:52.0655180+00:00	StartPipeline	Layer08Node08	Layer08Node08
2026-06-03T18:57:52.0669645+00:00	WorkerProcessExited	BridgeL05L06	ExitCode=0; worker process exited
2026-06-03T18:57:52.0679098+00:00	PipelineCompleted	BridgeL05L06	
2026-06-03T18:57:52.0716291+00:00	WorkerStarting	RegionalMart01	meta-pipeline
2026-06-03T18:57:52.2576229+00:00	WorkerStarted	RegionalMart01	28232
2026-06-03T18:57:52.2583215+00:00	WorkerControlPipe	RegionalMart01	meta-orchestration-58657f8b2fc14e3784b8ecd447bd6a3b
2026-06-03T18:57:52.2587750+00:00	WorkerLog	RegionalMart01	stdout=C:\Users\jimmy\Desktop\meta-bi\Samples\Demos\MetaOrchestrationHairballCliIntegration\Runs\hairball-seed-20260530\RunArtifacts\runs\20260603-185716_bb82a8c45ce24311ba67a7cf001329c5\logs\RegionalMart01-28232.stdout.log; stderr=C:\Users\jimmy\Desktop\meta-bi\Samples\Demos\MetaOrchestrationHairballCliIntegration\Runs\hairball-seed-20260530\RunArtifacts\runs\20260603-185716_bb82a8c45ce24311ba67a7cf001329c5\logs\RegionalMart01-28232.stderr.log
2026-06-03T18:57:52.2593551+00:00	WorkerEvent	PublishHairballFinal	WorkerOnline; ExitCode=0; online
2026-06-03T18:57:52.2604385+00:00	WorkerEvent	BridgeL07L08.bridge-l07-l08-south	TaskSucceeded; ExitCode=0; 
2026-06-03T18:57:52.2615456+00:00	TaskSucceeded	BridgeL07L08.bridge-l07-l08-south	0
2026-06-03T18:57:52.2622159+00:00	WorkerEvent	PublishHairballFinal	WorkerReady; ExitCode=0; ready
2026-06-03T18:57:52.2654925+00:00	StartPipeline	PublishHairballFinal	PublishHairballFinal
2026-06-03T18:57:52.2664601+00:00	WorkerProcessExited	BridgeL07L08	ExitCode=0; worker process exited
2026-06-03T18:57:52.2682614+00:00	PipelineCompleted	BridgeL07L08	
2026-06-03T18:57:52.2696369+00:00	WorkerStarting	RegionalMart03	meta-pipeline
2026-06-03T18:57:52.4291647+00:00	WorkerStarted	RegionalMart03	26940
2026-06-03T18:57:52.4296951+00:00	WorkerControlPipe	RegionalMart03	meta-orchestration-d3b3f6ba93714912a0fb966e63b79c5c
2026-06-03T18:57:52.4300792+00:00	WorkerLog	RegionalMart03	stdout=C:\Users\jimmy\Desktop\meta-bi\Samples\Demos\MetaOrchestrationHairballCliIntegration\Runs\hairball-seed-20260530\RunArtifacts\runs\20260603-185716_bb82a8c45ce24311ba67a7cf001329c5\logs\RegionalMart03-26940.stdout.log; stderr=C:\Users\jimmy\Desktop\meta-bi\Samples\Demos\MetaOrchestrationHairballCliIntegration\Runs\hairball-seed-20260530\RunArtifacts\runs\20260603-185716_bb82a8c45ce24311ba67a7cf001329c5\logs\RegionalMart03-26940.stderr.log
2026-06-03T18:57:52.4305762+00:00	WorkerEvent	RegionalMart01	WorkerOnline; ExitCode=0; online
2026-06-03T18:57:52.4317100+00:00	WorkerEvent	AuditHairball	PipelineStarted; ExitCode=0; pipeline started
2026-06-03T18:57:52.4332314+00:00	WorkerEvent	RegionalMart01	WorkerReady; ExitCode=0; ready
2026-06-03T18:57:52.4387828+00:00	StartPipeline	RegionalMart01	RegionalMart01
2026-06-03T18:57:52.4425618+00:00	WorkerEvent	AuditHairball.audit-hairball	TaskReady; ExitCode=0; 
2026-06-03T18:57:52.4655691+00:00	WorkerEvent	RegionalMart03	WorkerOnline; ExitCode=0; online
2026-06-03T18:57:52.4750781+00:00	WorkerEvent	RegionalMart03	WorkerReady; ExitCode=0; ready
2026-06-03T18:57:52.4772727+00:00	StartPipeline	RegionalMart03	RegionalMart03
2026-06-03T18:57:52.5305476+00:00	WorkerEvent	Layer08Node02.select-l08-n02	TaskSucceeded; ExitCode=0; 
2026-06-03T18:57:52.5315422+00:00	TaskSucceeded	Layer08Node02.select-l08-n02	0
2026-06-03T18:57:52.5356312+00:00	WorkerEvent	Layer08Node02	Closed; ExitCode=-1; worker control channel closed
2026-06-03T18:57:52.5372753+00:00	PipelineCompleted	Layer08Node02	
2026-06-03T18:57:52.5398125+00:00	WorkerStarting	RegionalMart04	meta-pipeline
2026-06-03T18:57:52.7040967+00:00	WorkerStarted	RegionalMart04	19336
2026-06-03T18:57:52.7045649+00:00	WorkerControlPipe	RegionalMart04	meta-orchestration-718db00f7d0246049ef7384363f1de80
2026-06-03T18:57:52.7049134+00:00	WorkerLog	RegionalMart04	stdout=C:\Users\jimmy\Desktop\meta-bi\Samples\Demos\MetaOrchestrationHairballCliIntegration\Runs\hairball-seed-20260530\RunArtifacts\runs\20260603-185716_bb82a8c45ce24311ba67a7cf001329c5\logs\RegionalMart04-19336.stdout.log; stderr=C:\Users\jimmy\Desktop\meta-bi\Samples\Demos\MetaOrchestrationHairballCliIntegration\Runs\hairball-seed-20260530\RunArtifacts\runs\20260603-185716_bb82a8c45ce24311ba67a7cf001329c5\logs\RegionalMart04-19336.stderr.log
2026-06-03T18:57:52.7053751+00:00	WorkerEvent	Layer08Node03	PipelineStarted; ExitCode=0; pipeline started
2026-06-03T18:57:52.7064296+00:00	WorkerEvent	RegionalMart02	PipelineStarted; ExitCode=0; pipeline started
2026-06-03T18:57:52.7077794+00:00	WorkerProcessExited	Layer08Node02	ExitCode=0; worker process exited
2026-06-03T18:57:52.7102102+00:00	WorkerEvent	Layer08Node03.export-l08-n03	TaskReady; ExitCode=0; 
2026-06-03T18:57:52.7111571+00:00	WorkerEvent	RegionalMart02.regional-02-stage	TaskReady; ExitCode=0; 
2026-06-03T18:57:52.7130548+00:00	GrantTask	Layer08Node03.export-l08-n03	Layer08Node03.export-l08-n03; GrantId=grant-108; Attempt=1
2026-06-03T18:57:52.7137668+00:00	GrantTask	RegionalMart02.regional-02-stage	RegionalMart02.regional-02-stage; GrantId=grant-109; Attempt=1
2026-06-03T18:57:52.7147521+00:00	WorkerEvent	Layer08Node03.export-l08-n03	GrantAccepted; ExitCode=0; 
2026-06-03T18:57:52.7167009+00:00	WorkerEvent	RegionalMart02.regional-02-stage	GrantAccepted; ExitCode=0; 
2026-06-03T18:57:52.7176187+00:00	WorkerEvent	Layer08Node03.export-l08-n03	TaskStarted; ExitCode=0; 
2026-06-03T18:57:52.7208187+00:00	WorkerEvent	RegionalMart02.regional-02-stage	TaskStarted; ExitCode=0; 
2026-06-03T18:57:52.7420595+00:00	WorkerEvent	RegionalMart04	WorkerOnline; ExitCode=0; online
2026-06-03T18:57:52.7438169+00:00	WorkerEvent	RegionalMart04	WorkerReady; ExitCode=0; ready
2026-06-03T18:57:52.7497925+00:00	StartPipeline	RegionalMart04	RegionalMart04
2026-06-03T18:57:52.8312769+00:00	WorkerEvent	Layer07Hub.hub-l07-stage	TaskSucceeded; ExitCode=0; 
2026-06-03T18:57:52.8326906+00:00	TaskSucceeded	Layer07Hub.hub-l07-stage	0
2026-06-03T18:57:52.8339794+00:00	WorkerEvent	Layer07Hub.hub-l07-curate	TaskReady; ExitCode=0; 
2026-06-03T18:57:52.8359178+00:00	GrantTask	Layer07Hub.hub-l07-curate	Layer07Hub.hub-l07-curate; GrantId=grant-110; Attempt=1
2026-06-03T18:57:52.8369010+00:00	WorkerEvent	Layer07Hub.hub-l07-curate	GrantAccepted; ExitCode=0; 
2026-06-03T18:57:52.8381902+00:00	WorkerEvent	Layer07Hub.hub-l07-curate	TaskStarted; ExitCode=0; 
2026-06-03T18:57:52.8819179+00:00	WorkerEvent	Layer08Node04	PipelineStarted; ExitCode=0; pipeline started
2026-06-03T18:57:52.8855669+00:00	WorkerEvent	Layer08Node04.select-l08-n04	TaskReady; ExitCode=0; 
2026-06-03T18:57:52.8871722+00:00	GrantTask	Layer08Node04.select-l08-n04	Layer08Node04.select-l08-n04; GrantId=grant-111; Attempt=1
2026-06-03T18:57:52.8887706+00:00	WorkerEvent	Layer08Node04.select-l08-n04	GrantAccepted; ExitCode=0; 
2026-06-03T18:57:52.8905009+00:00	WorkerEvent	Layer08Node04.select-l08-n04	TaskStarted; ExitCode=0; 
2026-06-03T18:57:52.9949402+00:00	WorkerEvent	Layer07Hub.hub-l07-curate	TaskSucceeded; ExitCode=0; 
2026-06-03T18:57:52.9964429+00:00	TaskSucceeded	Layer07Hub.hub-l07-curate	0
2026-06-03T18:57:53.0084273+00:00	WorkerEvent	Layer07Hub.hub-l07-publish	TaskReady; ExitCode=0; 
2026-06-03T18:57:53.0115056+00:00	GrantTask	Layer07Hub.hub-l07-publish	Layer07Hub.hub-l07-publish; GrantId=grant-112; Attempt=1
2026-06-03T18:57:53.0174313+00:00	WorkerEvent	Layer07Hub.hub-l07-publish	GrantAccepted; ExitCode=0; 
2026-06-03T18:57:53.0204356+00:00	WorkerEvent	Layer07Hub.hub-l07-publish	TaskStarted; ExitCode=0; 
2026-06-03T18:57:53.0318159+00:00	WorkerEvent	Layer08Node08	PipelineStarted; ExitCode=0; pipeline started
2026-06-03T18:57:53.0439129+00:00	WorkerEvent	Layer08Node08.refresh-l08-n08	TaskReady; ExitCode=0; 
2026-06-03T18:57:53.0459503+00:00	GrantTask	Layer08Node08.refresh-l08-n08	Layer08Node08.refresh-l08-n08; GrantId=grant-113; Attempt=1
2026-06-03T18:57:53.0475463+00:00	WorkerEvent	Layer08Node08.refresh-l08-n08	GrantAccepted; ExitCode=0; 
2026-06-03T18:57:53.0490457+00:00	WorkerEvent	Layer08Node08.refresh-l08-n08	TaskStarted; ExitCode=0; 
2026-06-03T18:57:53.4019484+00:00	WorkerEvent	PublishHairballFinal	PipelineStarted; ExitCode=0; pipeline started
2026-06-03T18:57:53.4052847+00:00	WorkerEvent	PublishHairballFinal.publish-hairball-final	TaskReady; ExitCode=0; 
2026-06-03T18:57:53.4303672+00:00	WorkerEvent	RegionalMart02.regional-02-stage	TaskSucceeded; ExitCode=0; 
2026-06-03T18:57:53.4317788+00:00	TaskSucceeded	RegionalMart02.regional-02-stage	0
2026-06-03T18:57:53.4329615+00:00	WorkerEvent	RegionalMart02.regional-02-curate	TaskReady; ExitCode=0; 
2026-06-03T18:57:53.4355396+00:00	GrantTask	RegionalMart02.regional-02-curate	RegionalMart02.regional-02-curate; GrantId=grant-114; Attempt=1
2026-06-03T18:57:53.4364200+00:00	WorkerEvent	Layer07Hub.hub-l07-publish	TaskSucceeded; ExitCode=0; 
2026-06-03T18:57:53.4374213+00:00	TaskSucceeded	Layer07Hub.hub-l07-publish	0
2026-06-03T18:57:53.4378556+00:00	WorkerEvent	RegionalMart02.regional-02-curate	GrantAccepted; ExitCode=0; 
2026-06-03T18:57:53.4413483+00:00	WorkerEvent	Layer07Hub	Closed; ExitCode=-1; worker control channel closed
2026-06-03T18:57:53.4428505+00:00	PipelineCompleted	Layer07Hub	
2026-06-03T18:57:53.4435616+00:00	WorkerEvent	RegionalMart02.regional-02-curate	TaskStarted; ExitCode=0; 
2026-06-03T18:57:53.4917577+00:00	WorkerProcessExited	Layer07Hub	ExitCode=0; worker process exited
2026-06-03T18:57:53.5532936+00:00	WorkerEvent	Layer08Node03.export-l08-n03	TaskSucceeded; ExitCode=0; 
2026-06-03T18:57:53.5544932+00:00	TaskSucceeded	Layer08Node03.export-l08-n03	0
2026-06-03T18:57:53.5568789+00:00	WorkerEvent	Layer08Node03	Closed; ExitCode=-1; worker control channel closed
2026-06-03T18:57:53.5677378+00:00	WorkerProcessExited	Layer08Node03	ExitCode=0; worker control channel closed
2026-06-03T18:57:53.5686073+00:00	PipelineCompleted	Layer08Node03	
2026-06-03T18:57:53.6048367+00:00	WorkerEvent	RegionalMart02.regional-02-curate	TaskSucceeded; ExitCode=0; 
2026-06-03T18:57:53.6064227+00:00	TaskSucceeded	RegionalMart02.regional-02-curate	0
2026-06-03T18:57:53.6080723+00:00	WorkerEvent	RegionalMart02.regional-02-publish	TaskReady; ExitCode=0; 
2026-06-03T18:57:53.6106166+00:00	GrantTask	RegionalMart02.regional-02-publish	RegionalMart02.regional-02-publish; GrantId=grant-115; Attempt=1
2026-06-03T18:57:53.6111416+00:00	WorkerEvent	RegionalMart02.regional-02-publish	GrantAccepted; ExitCode=0; 
2026-06-03T18:57:53.6128378+00:00	WorkerEvent	RegionalMart02.regional-02-publish	TaskStarted; ExitCode=0; 
2026-06-03T18:57:53.7153462+00:00	WorkerEvent	Layer08Node04.select-l08-n04	TaskSucceeded; ExitCode=0; 
2026-06-03T18:57:53.7166053+00:00	TaskSucceeded	Layer08Node04.select-l08-n04	0
2026-06-03T18:57:53.7182901+00:00	GrantTask	CompositeMart.composite-curate	CompositeMart.composite-curate; GrantId=grant-116; Attempt=1
2026-06-03T18:57:53.7187777+00:00	WorkerEvent	Layer08Node08.refresh-l08-n08	TaskSucceeded; ExitCode=0; 
2026-06-03T18:57:53.7219318+00:00	TaskSucceeded	Layer08Node08.refresh-l08-n08	0
2026-06-03T18:57:53.7226121+00:00	WorkerEvent	CompositeMart.composite-curate	GrantAccepted; ExitCode=0; 
2026-06-03T18:57:53.7235167+00:00	WorkerEvent	Layer08Node08	Closed; ExitCode=-1; worker control channel closed
2026-06-03T18:57:53.7243460+00:00	PipelineCompleted	Layer08Node08	
2026-06-03T18:57:53.7254660+00:00	GrantTask	Layer08Hub.hub-l08-stage	Layer08Hub.hub-l08-stage; GrantId=grant-117; Attempt=1
2026-06-03T18:57:53.7283145+00:00	WorkerEvent	CompositeMart.composite-curate	TaskStarted; ExitCode=0; 
2026-06-03T18:57:53.7293696+00:00	WorkerEvent	Layer08Node04	Closed; ExitCode=-1; worker control channel closed
2026-06-03T18:57:53.7298820+00:00	WorkerProcessExited	Layer08Node04	ExitCode=0; worker control channel closed
2026-06-03T18:57:53.7308144+00:00	PipelineCompleted	Layer08Node04	
2026-06-03T18:57:53.7338254+00:00	WorkerEvent	Layer08Hub.hub-l08-stage	GrantAccepted; ExitCode=0; 
2026-06-03T18:57:53.7355689+00:00	WorkerEvent	Layer08Hub.hub-l08-stage	TaskStarted; ExitCode=0; 
2026-06-03T18:57:53.7423701+00:00	WorkerProcessExited	Layer08Node08	ExitCode=0; worker process exited
2026-06-03T18:57:53.8335581+00:00	WorkerEvent	CompositeMart.composite-curate	TaskSucceeded; ExitCode=0; 
2026-06-03T18:57:53.8348713+00:00	TaskSucceeded	CompositeMart.composite-curate	0
2026-06-03T18:57:53.8361357+00:00	WorkerEvent	CompositeMart.composite-reconcile	TaskReady; ExitCode=0; 
2026-06-03T18:57:53.8369856+00:00	WorkerEvent	RegionalMart02.regional-02-publish	TaskSucceeded; ExitCode=0; 
2026-06-03T18:57:53.8382157+00:00	TaskSucceeded	RegionalMart02.regional-02-publish	0
2026-06-03T18:57:53.8398518+00:00	GrantTask	CompositeMart.composite-reconcile	CompositeMart.composite-reconcile; GrantId=grant-118; Attempt=1
2026-06-03T18:57:53.8404726+00:00	WorkerEvent	RegionalMart02.regional-02-audit	TaskReady; ExitCode=0; 
2026-06-03T18:57:53.8413452+00:00	WorkerEvent	CompositeMart.composite-reconcile	GrantAccepted; ExitCode=0; 
2026-06-03T18:57:53.8431947+00:00	GrantTask	RegionalMart02.regional-02-audit	RegionalMart02.regional-02-audit; GrantId=grant-119; Attempt=1
2026-06-03T18:57:53.8438147+00:00	WorkerEvent	CompositeMart.composite-reconcile	TaskStarted; ExitCode=0; 
2026-06-03T18:57:53.8456819+00:00	WorkerEvent	RegionalMart02.regional-02-audit	GrantAccepted; ExitCode=0; 
2026-06-03T18:57:53.8473706+00:00	WorkerEvent	RegionalMart02.regional-02-audit	TaskStarted; ExitCode=0; 
2026-06-03T18:57:53.9031422+00:00	WorkerEvent	RegionalMart01	PipelineStarted; ExitCode=0; pipeline started
2026-06-03T18:57:53.9063268+00:00	WorkerEvent	RegionalMart01.regional-01-stage	TaskReady; ExitCode=0; 
2026-06-03T18:57:53.9086061+00:00	GrantTask	RegionalMart01.regional-01-stage	RegionalMart01.regional-01-stage; GrantId=grant-120; Attempt=1
2026-06-03T18:57:53.9096303+00:00	WorkerEvent	RegionalMart01.regional-01-stage	GrantAccepted; ExitCode=0; 
2026-06-03T18:57:53.9108978+00:00	WorkerEvent	RegionalMart01.regional-01-stage	TaskStarted; ExitCode=0; 
2026-06-03T18:57:53.9283374+00:00	WorkerEvent	CompositeMart.composite-reconcile	TaskSucceeded; ExitCode=0; 
2026-06-03T18:57:53.9294012+00:00	TaskSucceeded	CompositeMart.composite-reconcile	0
2026-06-03T18:57:53.9303750+00:00	WorkerEvent	CompositeMart.composite-certify	TaskReady; ExitCode=0; 
2026-06-03T18:57:53.9322883+00:00	GrantTask	CompositeMart.composite-certify	CompositeMart.composite-certify; GrantId=grant-121; Attempt=1
2026-06-03T18:57:53.9327878+00:00	WorkerEvent	CompositeMart.composite-certify	GrantAccepted; ExitCode=0; 
2026-06-03T18:57:53.9344492+00:00	WorkerEvent	CompositeMart.composite-certify	TaskStarted; ExitCode=0; 
2026-06-03T18:57:53.9550910+00:00	WorkerEvent	RegionalMart02.regional-02-audit	TaskSucceeded; ExitCode=0; 
2026-06-03T18:57:53.9561127+00:00	TaskSucceeded	RegionalMart02.regional-02-audit	0
2026-06-03T18:57:53.9592032+00:00	WorkerEvent	RegionalMart02	Closed; ExitCode=-1; worker control channel closed
2026-06-03T18:57:53.9604254+00:00	PipelineCompleted	RegionalMart02	
2026-06-03T18:57:53.9908733+00:00	WorkerProcessExited	RegionalMart02	ExitCode=0; worker process exited
2026-06-03T18:57:54.0081028+00:00	WorkerEvent	CompositeMart.composite-certify	TaskSucceeded; ExitCode=0; 
2026-06-03T18:57:54.0089411+00:00	TaskSucceeded	CompositeMart.composite-certify	0
2026-06-03T18:57:54.0098733+00:00	WorkerEvent	CompositeMart.composite-publish	TaskReady; ExitCode=0; 
2026-06-03T18:57:54.0112507+00:00	GrantTask	CompositeMart.composite-publish	CompositeMart.composite-publish; GrantId=grant-122; Attempt=1
2026-06-03T18:57:54.0117115+00:00	WorkerEvent	CompositeMart.composite-publish	GrantAccepted; ExitCode=0; 
2026-06-03T18:57:54.0128713+00:00	WorkerEvent	CompositeMart.composite-publish	TaskStarted; ExitCode=0; 
2026-06-03T18:57:54.0260189+00:00	WorkerEvent	RegionalMart03	PipelineStarted; ExitCode=0; pipeline started
2026-06-03T18:57:54.0289218+00:00	WorkerEvent	RegionalMart03.regional-03-stage	TaskReady; ExitCode=0; 
2026-06-03T18:57:54.1340722+00:00	WorkerEvent	CompositeMart.composite-publish	TaskSucceeded; ExitCode=0; 
2026-06-03T18:57:54.1348402+00:00	TaskSucceeded	CompositeMart.composite-publish	0
2026-06-03T18:57:54.1364880+00:00	GrantTask	PublishHairballFinal.publish-hairball-final	PublishHairballFinal.publish-hairball-final; GrantId=grant-123; Attempt=1
2026-06-03T18:57:54.1375769+00:00	WorkerEvent	CompositeMart	Closed; ExitCode=-1; worker control channel closed
2026-06-03T18:57:54.1384193+00:00	PipelineCompleted	CompositeMart	
2026-06-03T18:57:54.1388500+00:00	WorkerEvent	PublishHairballFinal.publish-hairball-final	GrantAccepted; ExitCode=0; 
2026-06-03T18:57:54.1408862+00:00	WorkerEvent	PublishHairballFinal.publish-hairball-final	TaskStarted; ExitCode=0; 
2026-06-03T18:57:54.1762977+00:00	WorkerProcessExited	CompositeMart	ExitCode=0; worker process exited
2026-06-03T18:57:54.2149400+00:00	WorkerEvent	RegionalMart04	PipelineStarted; ExitCode=0; pipeline started
2026-06-03T18:57:54.2168619+00:00	WorkerEvent	RegionalMart04.regional-04-stage	TaskReady; ExitCode=0; 
2026-06-03T18:57:54.3102259+00:00	WorkerEvent	Layer08Hub.hub-l08-stage	TaskSucceeded; ExitCode=0; 
2026-06-03T18:57:54.3111472+00:00	TaskSucceeded	Layer08Hub.hub-l08-stage	0
2026-06-03T18:57:54.3120052+00:00	WorkerEvent	Layer08Hub.hub-l08-curate	TaskReady; ExitCode=0; 
2026-06-03T18:57:54.3130893+00:00	GrantTask	Layer08Hub.hub-l08-curate	Layer08Hub.hub-l08-curate; GrantId=grant-124; Attempt=1
2026-06-03T18:57:54.3134554+00:00	WorkerEvent	Layer08Hub.hub-l08-curate	GrantAccepted; ExitCode=0; 
2026-06-03T18:57:54.3145549+00:00	WorkerEvent	Layer08Hub.hub-l08-curate	TaskStarted; ExitCode=0; 
2026-06-03T18:57:54.3704516+00:00	WorkerEvent	RegionalMart01.regional-01-stage	TaskSucceeded; ExitCode=0; 
2026-06-03T18:57:54.3712064+00:00	TaskSucceeded	RegionalMart01.regional-01-stage	0
2026-06-03T18:57:54.3720300+00:00	WorkerEvent	RegionalMart01.regional-01-curate	TaskReady; ExitCode=0; 
2026-06-03T18:57:54.3985644+00:00	WorkerEvent	Layer08Hub.hub-l08-curate	TaskSucceeded; ExitCode=0; 
2026-06-03T18:57:54.3992910+00:00	TaskSucceeded	Layer08Hub.hub-l08-curate	0
2026-06-03T18:57:54.4002764+00:00	WorkerEvent	Layer08Hub.hub-l08-publish	TaskReady; ExitCode=0; 
2026-06-03T18:57:54.4014206+00:00	GrantTask	Layer08Hub.hub-l08-publish	Layer08Hub.hub-l08-publish; GrantId=grant-125; Attempt=1
2026-06-03T18:57:54.4018599+00:00	WorkerEvent	Layer08Hub.hub-l08-publish	GrantAccepted; ExitCode=0; 
2026-06-03T18:57:54.4030170+00:00	WorkerEvent	Layer08Hub.hub-l08-publish	TaskStarted; ExitCode=0; 
2026-06-03T18:57:54.5347945+00:00	WorkerEvent	Layer08Hub.hub-l08-publish	TaskSucceeded; ExitCode=0; 
2026-06-03T18:57:54.5356883+00:00	TaskSucceeded	Layer08Hub.hub-l08-publish	0
2026-06-03T18:57:54.5367622+00:00	GrantTask	RegionalMart01.regional-01-curate	RegionalMart01.regional-01-curate; GrantId=grant-126; Attempt=1
2026-06-03T18:57:54.5372334+00:00	WorkerEvent	RegionalMart01.regional-01-curate	GrantAccepted; ExitCode=0; 
2026-06-03T18:57:54.5381354+00:00	WorkerEvent	Layer08Hub	Closed; ExitCode=-1; worker control channel closed
2026-06-03T18:57:54.5390429+00:00	PipelineCompleted	Layer08Hub	
2026-06-03T18:57:54.5394928+00:00	WorkerEvent	RegionalMart01.regional-01-curate	TaskStarted; ExitCode=0; 
2026-06-03T18:57:54.5679517+00:00	WorkerProcessExited	Layer08Hub	ExitCode=0; worker process exited
2026-06-03T18:57:54.5823630+00:00	WorkerEvent	PublishHairballFinal.publish-hairball-final	TaskSucceeded; ExitCode=0; 
2026-06-03T18:57:54.5831804+00:00	TaskSucceeded	PublishHairballFinal.publish-hairball-final	0
2026-06-03T18:57:54.5846844+00:00	WorkerEvent	PublishHairballFinal	Closed; ExitCode=-1; worker control channel closed
2026-06-03T18:57:54.5855734+00:00	PipelineCompleted	PublishHairballFinal	
2026-06-03T18:57:54.6080759+00:00	WorkerProcessExited	PublishHairballFinal	ExitCode=0; worker process exited
2026-06-03T18:57:54.6381529+00:00	WorkerEvent	RegionalMart01.regional-01-curate	TaskSucceeded; ExitCode=0; 
2026-06-03T18:57:54.6388675+00:00	TaskSucceeded	RegionalMart01.regional-01-curate	0
2026-06-03T18:57:54.6399837+00:00	GrantTask	RegionalMart03.regional-03-stage	RegionalMart03.regional-03-stage; GrantId=grant-127; Attempt=1
2026-06-03T18:57:54.6409831+00:00	WorkerEvent	RegionalMart01.regional-01-publish	TaskReady; ExitCode=0; 
2026-06-03T18:57:54.6416901+00:00	WorkerEvent	RegionalMart03.regional-03-stage	GrantAccepted; ExitCode=0; 
2026-06-03T18:57:54.6429227+00:00	GrantTask	RegionalMart01.regional-01-publish	RegionalMart01.regional-01-publish; GrantId=grant-128; Attempt=1
2026-06-03T18:57:54.6433226+00:00	WorkerEvent	RegionalMart01.regional-01-publish	GrantAccepted; ExitCode=0; 
2026-06-03T18:57:54.6440159+00:00	WorkerEvent	RegionalMart03.regional-03-stage	TaskStarted; ExitCode=0; 
2026-06-03T18:57:54.6446920+00:00	WorkerEvent	RegionalMart01.regional-01-publish	TaskStarted; ExitCode=0; 
2026-06-03T18:57:54.7605049+00:00	WorkerEvent	RegionalMart01.regional-01-publish	TaskSucceeded; ExitCode=0; 
2026-06-03T18:57:54.7611531+00:00	TaskSucceeded	RegionalMart01.regional-01-publish	0
2026-06-03T18:57:54.7618562+00:00	WorkerEvent	RegionalMart01.regional-01-audit	TaskReady; ExitCode=0; 
2026-06-03T18:57:54.7626732+00:00	GrantTask	RegionalMart01.regional-01-audit	RegionalMart01.regional-01-audit; GrantId=grant-129; Attempt=1
2026-06-03T18:57:54.7629731+00:00	WorkerEvent	RegionalMart01.regional-01-audit	GrantAccepted; ExitCode=0; 
2026-06-03T18:57:54.7635914+00:00	WorkerEvent	RegionalMart01.regional-01-audit	TaskStarted; ExitCode=0; 
2026-06-03T18:57:54.8266931+00:00	WorkerEvent	RegionalMart01.regional-01-audit	TaskSucceeded; ExitCode=0; 
2026-06-03T18:57:54.8274002+00:00	TaskSucceeded	RegionalMart01.regional-01-audit	0
2026-06-03T18:57:54.8285977+00:00	WorkerEvent	RegionalMart01	Closed; ExitCode=-1; worker control channel closed
2026-06-03T18:57:54.8291076+00:00	PipelineCompleted	RegionalMart01	
2026-06-03T18:57:54.8527549+00:00	WorkerProcessExited	RegionalMart01	ExitCode=0; worker process exited
2026-06-03T18:57:54.9653108+00:00	WorkerEvent	RegionalMart03.regional-03-stage	TaskSucceeded; ExitCode=0; 
2026-06-03T18:57:54.9659135+00:00	TaskSucceeded	RegionalMart03.regional-03-stage	0
2026-06-03T18:57:54.9665124+00:00	WorkerEvent	RegionalMart03.regional-03-curate	TaskReady; ExitCode=0; 
2026-06-03T18:57:54.9674066+00:00	GrantTask	RegionalMart03.regional-03-curate	RegionalMart03.regional-03-curate; GrantId=grant-130; Attempt=1
2026-06-03T18:57:54.9677660+00:00	WorkerEvent	RegionalMart03.regional-03-curate	GrantAccepted; ExitCode=0; 
2026-06-03T18:57:54.9685525+00:00	WorkerEvent	RegionalMart03.regional-03-curate	TaskStarted; ExitCode=0; 
2026-06-03T18:57:55.0269126+00:00	WorkerEvent	RegionalMart03.regional-03-curate	TaskSucceeded; ExitCode=0; 
2026-06-03T18:57:55.0274906+00:00	TaskSucceeded	RegionalMart03.regional-03-curate	0
2026-06-03T18:57:55.0281584+00:00	WorkerEvent	RegionalMart03.regional-03-publish	TaskReady; ExitCode=0; 
2026-06-03T18:57:55.0292922+00:00	GrantTask	RegionalMart03.regional-03-publish	RegionalMart03.regional-03-publish; GrantId=grant-131; Attempt=1
2026-06-03T18:57:55.0298392+00:00	WorkerEvent	RegionalMart03.regional-03-publish	GrantAccepted; ExitCode=0; 
2026-06-03T18:57:55.0308326+00:00	WorkerEvent	RegionalMart03.regional-03-publish	TaskStarted; ExitCode=0; 
2026-06-03T18:57:55.1236419+00:00	WorkerEvent	RegionalMart03.regional-03-publish	TaskSucceeded; ExitCode=0; 
2026-06-03T18:57:55.1243973+00:00	TaskSucceeded	RegionalMart03.regional-03-publish	0
2026-06-03T18:57:55.1252527+00:00	GrantTask	RegionalMart04.regional-04-stage	RegionalMart04.regional-04-stage; GrantId=grant-132; Attempt=1
2026-06-03T18:57:55.1260396+00:00	WorkerEvent	RegionalMart04.regional-04-stage	GrantAccepted; ExitCode=0; 
2026-06-03T18:57:55.1267287+00:00	WorkerEvent	RegionalMart03.regional-03-audit	TaskReady; ExitCode=0; 
2026-06-03T18:57:55.1273396+00:00	WorkerEvent	RegionalMart04.regional-04-stage	TaskStarted; ExitCode=0; 
2026-06-03T18:57:55.1283438+00:00	GrantTask	RegionalMart03.regional-03-audit	RegionalMart03.regional-03-audit; GrantId=grant-133; Attempt=1
2026-06-03T18:57:55.1287954+00:00	WorkerEvent	RegionalMart03.regional-03-audit	GrantAccepted; ExitCode=0; 
2026-06-03T18:57:55.1299947+00:00	WorkerEvent	RegionalMart03.regional-03-audit	TaskStarted; ExitCode=0; 
2026-06-03T18:57:55.1902955+00:00	WorkerEvent	RegionalMart03.regional-03-audit	TaskSucceeded; ExitCode=0; 
2026-06-03T18:57:55.1911548+00:00	TaskSucceeded	RegionalMart03.regional-03-audit	0
2026-06-03T18:57:55.1930211+00:00	WorkerEvent	RegionalMart03	Closed; ExitCode=-1; worker control channel closed
2026-06-03T18:57:55.1937583+00:00	PipelineCompleted	RegionalMart03	
2026-06-03T18:57:55.2181858+00:00	WorkerProcessExited	RegionalMart03	ExitCode=0; worker process exited
2026-06-03T18:57:55.4345350+00:00	WorkerEvent	RegionalMart04.regional-04-stage	TaskSucceeded; ExitCode=0; 
2026-06-03T18:57:55.4351447+00:00	TaskSucceeded	RegionalMart04.regional-04-stage	0
2026-06-03T18:57:55.4357208+00:00	WorkerEvent	RegionalMart04.regional-04-curate	TaskReady; ExitCode=0; 
2026-06-03T18:57:55.4365186+00:00	GrantTask	RegionalMart04.regional-04-curate	RegionalMart04.regional-04-curate; GrantId=grant-134; Attempt=1
2026-06-03T18:57:55.4370123+00:00	WorkerEvent	RegionalMart04.regional-04-curate	GrantAccepted; ExitCode=0; 
2026-06-03T18:57:55.4378064+00:00	WorkerEvent	RegionalMart04.regional-04-curate	TaskStarted; ExitCode=0; 
2026-06-03T18:57:55.4998655+00:00	WorkerEvent	RegionalMart04.regional-04-curate	TaskSucceeded; ExitCode=0; 
2026-06-03T18:57:55.5004756+00:00	TaskSucceeded	RegionalMart04.regional-04-curate	0
2026-06-03T18:57:55.5012195+00:00	WorkerEvent	RegionalMart04.regional-04-publish	TaskReady; ExitCode=0; 
2026-06-03T18:57:55.5020196+00:00	GrantTask	RegionalMart04.regional-04-publish	RegionalMart04.regional-04-publish; GrantId=grant-135; Attempt=1
2026-06-03T18:57:55.5023370+00:00	WorkerEvent	RegionalMart04.regional-04-publish	GrantAccepted; ExitCode=0; 
2026-06-03T18:57:55.5028737+00:00	WorkerEvent	RegionalMart04.regional-04-publish	TaskStarted; ExitCode=0; 
2026-06-03T18:57:55.5986000+00:00	WorkerEvent	RegionalMart04.regional-04-publish	TaskSucceeded; ExitCode=0; 
2026-06-03T18:57:55.5991582+00:00	TaskSucceeded	RegionalMart04.regional-04-publish	0
2026-06-03T18:57:55.5998186+00:00	GrantTask	AuditHairball.audit-hairball	AuditHairball.audit-hairball; GrantId=grant-136; Attempt=1
2026-06-03T18:57:55.6001547+00:00	WorkerEvent	RegionalMart04.regional-04-audit	TaskReady; ExitCode=0; 
2026-06-03T18:57:55.6007567+00:00	WorkerEvent	AuditHairball.audit-hairball	GrantAccepted; ExitCode=0; 
2026-06-03T18:57:55.6015328+00:00	GrantTask	RegionalMart04.regional-04-audit	RegionalMart04.regional-04-audit; GrantId=grant-137; Attempt=1
2026-06-03T18:57:55.6018504+00:00	WorkerEvent	AuditHairball.audit-hairball	TaskStarted; ExitCode=0; 
2026-06-03T18:57:55.6023181+00:00	WorkerEvent	RegionalMart04.regional-04-audit	GrantAccepted; ExitCode=0; 
2026-06-03T18:57:55.6029858+00:00	WorkerEvent	RegionalMart04.regional-04-audit	TaskStarted; ExitCode=0; 
2026-06-03T18:57:55.6691531+00:00	WorkerEvent	RegionalMart04.regional-04-audit	TaskSucceeded; ExitCode=0; 
2026-06-03T18:57:55.6699367+00:00	TaskSucceeded	RegionalMart04.regional-04-audit	0
2026-06-03T18:57:55.6712384+00:00	WorkerEvent	RegionalMart04	Closed; ExitCode=-1; worker control channel closed
2026-06-03T18:57:55.6723255+00:00	PipelineCompleted	RegionalMart04	
2026-06-03T18:57:55.6923648+00:00	WorkerProcessExited	RegionalMart04	ExitCode=0; worker process exited
2026-06-03T18:57:55.8860476+00:00	WorkerEvent	AuditHairball.audit-hairball	TaskSucceeded; ExitCode=0; 
2026-06-03T18:57:55.8866376+00:00	TaskSucceeded	AuditHairball.audit-hairball	0
2026-06-03T18:57:55.8882772+00:00	WorkerEvent	AuditHairball	Closed; ExitCode=-1; worker control channel closed
2026-06-03T18:57:55.8890987+00:00	PipelineCompleted	AuditHairball	
2026-06-03T18:57:55.9103573+00:00	WorkerProcessExited	AuditHairball	ExitCode=0; worker process exited
2026-06-03T18:57:55.9114199+00:00	WorkerLogSummary	ExtractSeed01	stdout=C:\Users\jimmy\Desktop\meta-bi\Samples\Demos\MetaOrchestrationHairballCliIntegration\Runs\hairball-seed-20260530\RunArtifacts\runs\20260603-185716_bb82a8c45ce24311ba67a7cf001329c5\logs\ExtractSeed01-16652.stdout.log; stdoutBytes=0; stdoutTruncated=False; stdoutDroppedBytes=0; stderr=C:\Users\jimmy\Desktop\meta-bi\Samples\Demos\MetaOrchestrationHairballCliIntegration\Runs\hairball-seed-20260530\RunArtifacts\runs\20260603-185716_bb82a8c45ce24311ba67a7cf001329c5\logs\ExtractSeed01-16652.stderr.log; stderrBytes=0; stderrTruncated=False; stderrDroppedBytes=0
2026-06-03T18:57:55.9121324+00:00	WorkerLogSummary	ExtractSeed02	stdout=C:\Users\jimmy\Desktop\meta-bi\Samples\Demos\MetaOrchestrationHairballCliIntegration\Runs\hairball-seed-20260530\RunArtifacts\runs\20260603-185716_bb82a8c45ce24311ba67a7cf001329c5\logs\ExtractSeed02-31524.stdout.log; stdoutBytes=0; stdoutTruncated=False; stdoutDroppedBytes=0; stderr=C:\Users\jimmy\Desktop\meta-bi\Samples\Demos\MetaOrchestrationHairballCliIntegration\Runs\hairball-seed-20260530\RunArtifacts\runs\20260603-185716_bb82a8c45ce24311ba67a7cf001329c5\logs\ExtractSeed02-31524.stderr.log; stderrBytes=0; stderrTruncated=False; stderrDroppedBytes=0
2026-06-03T18:57:55.9125840+00:00	WorkerLogSummary	ExtractSeed03	stdout=C:\Users\jimmy\Desktop\meta-bi\Samples\Demos\MetaOrchestrationHairballCliIntegration\Runs\hairball-seed-20260530\RunArtifacts\runs\20260603-185716_bb82a8c45ce24311ba67a7cf001329c5\logs\ExtractSeed03-20016.stdout.log; stdoutBytes=0; stdoutTruncated=False; stdoutDroppedBytes=0; stderr=C:\Users\jimmy\Desktop\meta-bi\Samples\Demos\MetaOrchestrationHairballCliIntegration\Runs\hairball-seed-20260530\RunArtifacts\runs\20260603-185716_bb82a8c45ce24311ba67a7cf001329c5\logs\ExtractSeed03-20016.stderr.log; stderrBytes=0; stderrTruncated=False; stderrDroppedBytes=0
2026-06-03T18:57:55.9130199+00:00	WorkerLogSummary	ExtractSeed04	stdout=C:\Users\jimmy\Desktop\meta-bi\Samples\Demos\MetaOrchestrationHairballCliIntegration\Runs\hairball-seed-20260530\RunArtifacts\runs\20260603-185716_bb82a8c45ce24311ba67a7cf001329c5\logs\ExtractSeed04-26636.stdout.log; stdoutBytes=0; stdoutTruncated=False; stdoutDroppedBytes=0; stderr=C:\Users\jimmy\Desktop\meta-bi\Samples\Demos\MetaOrchestrationHairballCliIntegration\Runs\hairball-seed-20260530\RunArtifacts\runs\20260603-185716_bb82a8c45ce24311ba67a7cf001329c5\logs\ExtractSeed04-26636.stderr.log; stderrBytes=0; stderrTruncated=False; stderrDroppedBytes=0
2026-06-03T18:57:55.9134321+00:00	WorkerLogSummary	ExtractSeed05	stdout=C:\Users\jimmy\Desktop\meta-bi\Samples\Demos\MetaOrchestrationHairballCliIntegration\Runs\hairball-seed-20260530\RunArtifacts\runs\20260603-185716_bb82a8c45ce24311ba67a7cf001329c5\logs\ExtractSeed05-29552.stdout.log; stdoutBytes=0; stdoutTruncated=False; stdoutDroppedBytes=0; stderr=C:\Users\jimmy\Desktop\meta-bi\Samples\Demos\MetaOrchestrationHairballCliIntegration\Runs\hairball-seed-20260530\RunArtifacts\runs\20260603-185716_bb82a8c45ce24311ba67a7cf001329c5\logs\ExtractSeed05-29552.stderr.log; stderrBytes=0; stderrTruncated=False; stderrDroppedBytes=0
2026-06-03T18:57:55.9138490+00:00	WorkerLogSummary	ExtractSeed06	stdout=C:\Users\jimmy\Desktop\meta-bi\Samples\Demos\MetaOrchestrationHairballCliIntegration\Runs\hairball-seed-20260530\RunArtifacts\runs\20260603-185716_bb82a8c45ce24311ba67a7cf001329c5\logs\ExtractSeed06-26840.stdout.log; stdoutBytes=0; stdoutTruncated=False; stdoutDroppedBytes=0; stderr=C:\Users\jimmy\Desktop\meta-bi\Samples\Demos\MetaOrchestrationHairballCliIntegration\Runs\hairball-seed-20260530\RunArtifacts\runs\20260603-185716_bb82a8c45ce24311ba67a7cf001329c5\logs\ExtractSeed06-26840.stderr.log; stderrBytes=0; stderrTruncated=False; stderrDroppedBytes=0
2026-06-03T18:57:55.9142619+00:00	WorkerLogSummary	ExtractSeed07	stdout=C:\Users\jimmy\Desktop\meta-bi\Samples\Demos\MetaOrchestrationHairballCliIntegration\Runs\hairball-seed-20260530\RunArtifacts\runs\20260603-185716_bb82a8c45ce24311ba67a7cf001329c5\logs\ExtractSeed07-20228.stdout.log; stdoutBytes=0; stdoutTruncated=False; stdoutDroppedBytes=0; stderr=C:\Users\jimmy\Desktop\meta-bi\Samples\Demos\MetaOrchestrationHairballCliIntegration\Runs\hairball-seed-20260530\RunArtifacts\runs\20260603-185716_bb82a8c45ce24311ba67a7cf001329c5\logs\ExtractSeed07-20228.stderr.log; stderrBytes=0; stderrTruncated=False; stderrDroppedBytes=0
2026-06-03T18:57:55.9146451+00:00	WorkerLogSummary	ExtractSeed08	stdout=C:\Users\jimmy\Desktop\meta-bi\Samples\Demos\MetaOrchestrationHairballCliIntegration\Runs\hairball-seed-20260530\RunArtifacts\runs\20260603-185716_bb82a8c45ce24311ba67a7cf001329c5\logs\ExtractSeed08-3572.stdout.log; stdoutBytes=0; stdoutTruncated=False; stdoutDroppedBytes=0; stderr=C:\Users\jimmy\Desktop\meta-bi\Samples\Demos\MetaOrchestrationHairballCliIntegration\Runs\hairball-seed-20260530\RunArtifacts\runs\20260603-185716_bb82a8c45ce24311ba67a7cf001329c5\logs\ExtractSeed08-3572.stderr.log; stderrBytes=0; stderrTruncated=False; stderrDroppedBytes=0
2026-06-03T18:57:55.9150490+00:00	WorkerLogSummary	AuditHairball	stdout=C:\Users\jimmy\Desktop\meta-bi\Samples\Demos\MetaOrchestrationHairballCliIntegration\Runs\hairball-seed-20260530\RunArtifacts\runs\20260603-185716_bb82a8c45ce24311ba67a7cf001329c5\logs\AuditHairball-17052.stdout.log; stdoutBytes=0; stdoutTruncated=False; stdoutDroppedBytes=0; stderr=C:\Users\jimmy\Desktop\meta-bi\Samples\Demos\MetaOrchestrationHairballCliIntegration\Runs\hairball-seed-20260530\RunArtifacts\runs\20260603-185716_bb82a8c45ce24311ba67a7cf001329c5\logs\AuditHairball-17052.stderr.log; stderrBytes=0; stderrTruncated=False; stderrDroppedBytes=0
2026-06-03T18:57:55.9155314+00:00	WorkerLogSummary	BridgeL01L02	stdout=C:\Users\jimmy\Desktop\meta-bi\Samples\Demos\MetaOrchestrationHairballCliIntegration\Runs\hairball-seed-20260530\RunArtifacts\runs\20260603-185716_bb82a8c45ce24311ba67a7cf001329c5\logs\BridgeL01L02-26504.stdout.log; stdoutBytes=0; stdoutTruncated=False; stdoutDroppedBytes=0; stderr=C:\Users\jimmy\Desktop\meta-bi\Samples\Demos\MetaOrchestrationHairballCliIntegration\Runs\hairball-seed-20260530\RunArtifacts\runs\20260603-185716_bb82a8c45ce24311ba67a7cf001329c5\logs\BridgeL01L02-26504.stderr.log; stderrBytes=0; stderrTruncated=False; stderrDroppedBytes=0
2026-06-03T18:57:55.9160352+00:00	WorkerLogSummary	BridgeL03L04	stdout=C:\Users\jimmy\Desktop\meta-bi\Samples\Demos\MetaOrchestrationHairballCliIntegration\Runs\hairball-seed-20260530\RunArtifacts\runs\20260603-185716_bb82a8c45ce24311ba67a7cf001329c5\logs\BridgeL03L04-21080.stdout.log; stdoutBytes=0; stdoutTruncated=False; stdoutDroppedBytes=0; stderr=C:\Users\jimmy\Desktop\meta-bi\Samples\Demos\MetaOrchestrationHairballCliIntegration\Runs\hairball-seed-20260530\RunArtifacts\runs\20260603-185716_bb82a8c45ce24311ba67a7cf001329c5\logs\BridgeL03L04-21080.stderr.log; stderrBytes=0; stderrTruncated=False; stderrDroppedBytes=0
2026-06-03T18:57:55.9165577+00:00	WorkerLogSummary	BridgeL05L06	stdout=C:\Users\jimmy\Desktop\meta-bi\Samples\Demos\MetaOrchestrationHairballCliIntegration\Runs\hairball-seed-20260530\RunArtifacts\runs\20260603-185716_bb82a8c45ce24311ba67a7cf001329c5\logs\BridgeL05L06-31656.stdout.log; stdoutBytes=0; stdoutTruncated=False; stdoutDroppedBytes=0; stderr=C:\Users\jimmy\Desktop\meta-bi\Samples\Demos\MetaOrchestrationHairballCliIntegration\Runs\hairball-seed-20260530\RunArtifacts\runs\20260603-185716_bb82a8c45ce24311ba67a7cf001329c5\logs\BridgeL05L06-31656.stderr.log; stderrBytes=0; stderrTruncated=False; stderrDroppedBytes=0
2026-06-03T18:57:55.9171451+00:00	WorkerLogSummary	BridgeL07L08	stdout=C:\Users\jimmy\Desktop\meta-bi\Samples\Demos\MetaOrchestrationHairballCliIntegration\Runs\hairball-seed-20260530\RunArtifacts\runs\20260603-185716_bb82a8c45ce24311ba67a7cf001329c5\logs\BridgeL07L08-9020.stdout.log; stdoutBytes=0; stdoutTruncated=False; stdoutDroppedBytes=0; stderr=C:\Users\jimmy\Desktop\meta-bi\Samples\Demos\MetaOrchestrationHairballCliIntegration\Runs\hairball-seed-20260530\RunArtifacts\runs\20260603-185716_bb82a8c45ce24311ba67a7cf001329c5\logs\BridgeL07L08-9020.stderr.log; stderrBytes=0; stderrTruncated=False; stderrDroppedBytes=0
2026-06-03T18:57:55.9176260+00:00	WorkerLogSummary	CompositeMart	stdout=C:\Users\jimmy\Desktop\meta-bi\Samples\Demos\MetaOrchestrationHairballCliIntegration\Runs\hairball-seed-20260530\RunArtifacts\runs\20260603-185716_bb82a8c45ce24311ba67a7cf001329c5\logs\CompositeMart-24292.stdout.log; stdoutBytes=0; stdoutTruncated=False; stdoutDroppedBytes=0; stderr=C:\Users\jimmy\Desktop\meta-bi\Samples\Demos\MetaOrchestrationHairballCliIntegration\Runs\hairball-seed-20260530\RunArtifacts\runs\20260603-185716_bb82a8c45ce24311ba67a7cf001329c5\logs\CompositeMart-24292.stderr.log; stderrBytes=0; stderrTruncated=False; stderrDroppedBytes=0
2026-06-03T18:57:55.9180884+00:00	WorkerLogSummary	Layer01Hub	stdout=C:\Users\jimmy\Desktop\meta-bi\Samples\Demos\MetaOrchestrationHairballCliIntegration\Runs\hairball-seed-20260530\RunArtifacts\runs\20260603-185716_bb82a8c45ce24311ba67a7cf001329c5\logs\Layer01Hub-28316.stdout.log; stdoutBytes=0; stdoutTruncated=False; stdoutDroppedBytes=0; stderr=C:\Users\jimmy\Desktop\meta-bi\Samples\Demos\MetaOrchestrationHairballCliIntegration\Runs\hairball-seed-20260530\RunArtifacts\runs\20260603-185716_bb82a8c45ce24311ba67a7cf001329c5\logs\Layer01Hub-28316.stderr.log; stderrBytes=0; stderrTruncated=False; stderrDroppedBytes=0
2026-06-03T18:57:55.9185749+00:00	WorkerLogSummary	Layer01Node06	stdout=C:\Users\jimmy\Desktop\meta-bi\Samples\Demos\MetaOrchestrationHairballCliIntegration\Runs\hairball-seed-20260530\RunArtifacts\runs\20260603-185716_bb82a8c45ce24311ba67a7cf001329c5\logs\Layer01Node06-10144.stdout.log; stdoutBytes=0; stdoutTruncated=False; stdoutDroppedBytes=0; stderr=C:\Users\jimmy\Desktop\meta-bi\Samples\Demos\MetaOrchestrationHairballCliIntegration\Runs\hairball-seed-20260530\RunArtifacts\runs\20260603-185716_bb82a8c45ce24311ba67a7cf001329c5\logs\Layer01Node06-10144.stderr.log; stderrBytes=0; stderrTruncated=False; stderrDroppedBytes=0
2026-06-03T18:57:55.9190298+00:00	WorkerLogSummary	Layer01Node01	stdout=C:\Users\jimmy\Desktop\meta-bi\Samples\Demos\MetaOrchestrationHairballCliIntegration\Runs\hairball-seed-20260530\RunArtifacts\runs\20260603-185716_bb82a8c45ce24311ba67a7cf001329c5\logs\Layer01Node01-3784.stdout.log; stdoutBytes=0; stdoutTruncated=False; stdoutDroppedBytes=0; stderr=C:\Users\jimmy\Desktop\meta-bi\Samples\Demos\MetaOrchestrationHairballCliIntegration\Runs\hairball-seed-20260530\RunArtifacts\runs\20260603-185716_bb82a8c45ce24311ba67a7cf001329c5\logs\Layer01Node01-3784.stderr.log; stderrBytes=0; stderrTruncated=False; stderrDroppedBytes=0
2026-06-03T18:57:55.9195740+00:00	WorkerLogSummary	Layer01Node07	stdout=C:\Users\jimmy\Desktop\meta-bi\Samples\Demos\MetaOrchestrationHairballCliIntegration\Runs\hairball-seed-20260530\RunArtifacts\runs\20260603-185716_bb82a8c45ce24311ba67a7cf001329c5\logs\Layer01Node07-25252.stdout.log; stdoutBytes=0; stdoutTruncated=False; stdoutDroppedBytes=0; stderr=C:\Users\jimmy\Desktop\meta-bi\Samples\Demos\MetaOrchestrationHairballCliIntegration\Runs\hairball-seed-20260530\RunArtifacts\runs\20260603-185716_bb82a8c45ce24311ba67a7cf001329c5\logs\Layer01Node07-25252.stderr.log; stderrBytes=0; stderrTruncated=False; stderrDroppedBytes=0
2026-06-03T18:57:55.9202532+00:00	WorkerLogSummary	Layer03Node09	stdout=C:\Users\jimmy\Desktop\meta-bi\Samples\Demos\MetaOrchestrationHairballCliIntegration\Runs\hairball-seed-20260530\RunArtifacts\runs\20260603-185716_bb82a8c45ce24311ba67a7cf001329c5\logs\Layer03Node09-14500.stdout.log; stdoutBytes=0; stdoutTruncated=False; stdoutDroppedBytes=0; stderr=C:\Users\jimmy\Desktop\meta-bi\Samples\Demos\MetaOrchestrationHairballCliIntegration\Runs\hairball-seed-20260530\RunArtifacts\runs\20260603-185716_bb82a8c45ce24311ba67a7cf001329c5\logs\Layer03Node09-14500.stderr.log; stderrBytes=0; stderrTruncated=False; stderrDroppedBytes=0
2026-06-03T18:57:55.9209484+00:00	WorkerLogSummary	Layer01Node02	stdout=C:\Users\jimmy\Desktop\meta-bi\Samples\Demos\MetaOrchestrationHairballCliIntegration\Runs\hairball-seed-20260530\RunArtifacts\runs\20260603-185716_bb82a8c45ce24311ba67a7cf001329c5\logs\Layer01Node02-31280.stdout.log; stdoutBytes=0; stdoutTruncated=False; stdoutDroppedBytes=0; stderr=C:\Users\jimmy\Desktop\meta-bi\Samples\Demos\MetaOrchestrationHairballCliIntegration\Runs\hairball-seed-20260530\RunArtifacts\runs\20260603-185716_bb82a8c45ce24311ba67a7cf001329c5\logs\Layer01Node02-31280.stderr.log; stderrBytes=0; stderrTruncated=False; stderrDroppedBytes=0
2026-06-03T18:57:55.9217503+00:00	WorkerLogSummary	Layer02Node03	stdout=C:\Users\jimmy\Desktop\meta-bi\Samples\Demos\MetaOrchestrationHairballCliIntegration\Runs\hairball-seed-20260530\RunArtifacts\runs\20260603-185716_bb82a8c45ce24311ba67a7cf001329c5\logs\Layer02Node03-27536.stdout.log; stdoutBytes=0; stdoutTruncated=False; stdoutDroppedBytes=0; stderr=C:\Users\jimmy\Desktop\meta-bi\Samples\Demos\MetaOrchestrationHairballCliIntegration\Runs\hairball-seed-20260530\RunArtifacts\runs\20260603-185716_bb82a8c45ce24311ba67a7cf001329c5\logs\Layer02Node03-27536.stderr.log; stderrBytes=0; stderrTruncated=False; stderrDroppedBytes=0
2026-06-03T18:57:55.9225430+00:00	WorkerLogSummary	AuditHairball	stdout=C:\Users\jimmy\Desktop\meta-bi\Samples\Demos\MetaOrchestrationHairballCliIntegration\Runs\hairball-seed-20260530\RunArtifacts\runs\20260603-185716_bb82a8c45ce24311ba67a7cf001329c5\logs\AuditHairball-29236.stdout.log; stdoutBytes=0; stdoutTruncated=False; stdoutDroppedBytes=0; stderr=C:\Users\jimmy\Desktop\meta-bi\Samples\Demos\MetaOrchestrationHairballCliIntegration\Runs\hairball-seed-20260530\RunArtifacts\runs\20260603-185716_bb82a8c45ce24311ba67a7cf001329c5\logs\AuditHairball-29236.stderr.log; stderrBytes=0; stderrTruncated=False; stderrDroppedBytes=0
2026-06-03T18:57:55.9233459+00:00	WorkerLogSummary	Layer01Node04	stdout=C:\Users\jimmy\Desktop\meta-bi\Samples\Demos\MetaOrchestrationHairballCliIntegration\Runs\hairball-seed-20260530\RunArtifacts\runs\20260603-185716_bb82a8c45ce24311ba67a7cf001329c5\logs\Layer01Node04-25792.stdout.log; stdoutBytes=0; stdoutTruncated=False; stdoutDroppedBytes=0; stderr=C:\Users\jimmy\Desktop\meta-bi\Samples\Demos\MetaOrchestrationHairballCliIntegration\Runs\hairball-seed-20260530\RunArtifacts\runs\20260603-185716_bb82a8c45ce24311ba67a7cf001329c5\logs\Layer01Node04-25792.stderr.log; stderrBytes=0; stderrTruncated=False; stderrDroppedBytes=0
2026-06-03T18:57:55.9240654+00:00	WorkerLogSummary	Layer01Node03	stdout=C:\Users\jimmy\Desktop\meta-bi\Samples\Demos\MetaOrchestrationHairballCliIntegration\Runs\hairball-seed-20260530\RunArtifacts\runs\20260603-185716_bb82a8c45ce24311ba67a7cf001329c5\logs\Layer01Node03-11416.stdout.log; stdoutBytes=0; stdoutTruncated=False; stdoutDroppedBytes=0; stderr=C:\Users\jimmy\Desktop\meta-bi\Samples\Demos\MetaOrchestrationHairballCliIntegration\Runs\hairball-seed-20260530\RunArtifacts\runs\20260603-185716_bb82a8c45ce24311ba67a7cf001329c5\logs\Layer01Node03-11416.stderr.log; stderrBytes=0; stderrTruncated=False; stderrDroppedBytes=0
2026-06-03T18:57:55.9245536+00:00	WorkerLogSummary	Layer01Node05	stdout=C:\Users\jimmy\Desktop\meta-bi\Samples\Demos\MetaOrchestrationHairballCliIntegration\Runs\hairball-seed-20260530\RunArtifacts\runs\20260603-185716_bb82a8c45ce24311ba67a7cf001329c5\logs\Layer01Node05-23072.stdout.log; stdoutBytes=0; stdoutTruncated=False; stdoutDroppedBytes=0; stderr=C:\Users\jimmy\Desktop\meta-bi\Samples\Demos\MetaOrchestrationHairballCliIntegration\Runs\hairball-seed-20260530\RunArtifacts\runs\20260603-185716_bb82a8c45ce24311ba67a7cf001329c5\logs\Layer01Node05-23072.stderr.log; stderrBytes=0; stderrTruncated=False; stderrDroppedBytes=0
2026-06-03T18:57:55.9251291+00:00	WorkerLogSummary	Layer01Node08	stdout=C:\Users\jimmy\Desktop\meta-bi\Samples\Demos\MetaOrchestrationHairballCliIntegration\Runs\hairball-seed-20260530\RunArtifacts\runs\20260603-185716_bb82a8c45ce24311ba67a7cf001329c5\logs\Layer01Node08-14596.stdout.log; stdoutBytes=0; stdoutTruncated=False; stdoutDroppedBytes=0; stderr=C:\Users\jimmy\Desktop\meta-bi\Samples\Demos\MetaOrchestrationHairballCliIntegration\Runs\hairball-seed-20260530\RunArtifacts\runs\20260603-185716_bb82a8c45ce24311ba67a7cf001329c5\logs\Layer01Node08-14596.stderr.log; stderrBytes=0; stderrTruncated=False; stderrDroppedBytes=0
2026-06-03T18:57:55.9258184+00:00	WorkerLogSummary	Layer01Node09	stdout=C:\Users\jimmy\Desktop\meta-bi\Samples\Demos\MetaOrchestrationHairballCliIntegration\Runs\hairball-seed-20260530\RunArtifacts\runs\20260603-185716_bb82a8c45ce24311ba67a7cf001329c5\logs\Layer01Node09-19052.stdout.log; stdoutBytes=0; stdoutTruncated=False; stdoutDroppedBytes=0; stderr=C:\Users\jimmy\Desktop\meta-bi\Samples\Demos\MetaOrchestrationHairballCliIntegration\Runs\hairball-seed-20260530\RunArtifacts\runs\20260603-185716_bb82a8c45ce24311ba67a7cf001329c5\logs\Layer01Node09-19052.stderr.log; stderrBytes=0; stderrTruncated=False; stderrDroppedBytes=0
2026-06-03T18:57:55.9265329+00:00	WorkerLogSummary	Layer02Hub	stdout=C:\Users\jimmy\Desktop\meta-bi\Samples\Demos\MetaOrchestrationHairballCliIntegration\Runs\hairball-seed-20260530\RunArtifacts\runs\20260603-185716_bb82a8c45ce24311ba67a7cf001329c5\logs\Layer02Hub-7856.stdout.log; stdoutBytes=0; stdoutTruncated=False; stdoutDroppedBytes=0; stderr=C:\Users\jimmy\Desktop\meta-bi\Samples\Demos\MetaOrchestrationHairballCliIntegration\Runs\hairball-seed-20260530\RunArtifacts\runs\20260603-185716_bb82a8c45ce24311ba67a7cf001329c5\logs\Layer02Hub-7856.stderr.log; stderrBytes=0; stderrTruncated=False; stderrDroppedBytes=0
2026-06-03T18:57:55.9270171+00:00	WorkerLogSummary	Layer02Node05	stdout=C:\Users\jimmy\Desktop\meta-bi\Samples\Demos\MetaOrchestrationHairballCliIntegration\Runs\hairball-seed-20260530\RunArtifacts\runs\20260603-185716_bb82a8c45ce24311ba67a7cf001329c5\logs\Layer02Node05-31488.stdout.log; stdoutBytes=0; stdoutTruncated=False; stdoutDroppedBytes=0; stderr=C:\Users\jimmy\Desktop\meta-bi\Samples\Demos\MetaOrchestrationHairballCliIntegration\Runs\hairball-seed-20260530\RunArtifacts\runs\20260603-185716_bb82a8c45ce24311ba67a7cf001329c5\logs\Layer02Node05-31488.stderr.log; stderrBytes=0; stderrTruncated=False; stderrDroppedBytes=0
2026-06-03T18:57:55.9275279+00:00	WorkerLogSummary	Layer02Node01	stdout=C:\Users\jimmy\Desktop\meta-bi\Samples\Demos\MetaOrchestrationHairballCliIntegration\Runs\hairball-seed-20260530\RunArtifacts\runs\20260603-185716_bb82a8c45ce24311ba67a7cf001329c5\logs\Layer02Node01-3940.stdout.log; stdoutBytes=0; stdoutTruncated=False; stdoutDroppedBytes=0; stderr=C:\Users\jimmy\Desktop\meta-bi\Samples\Demos\MetaOrchestrationHairballCliIntegration\Runs\hairball-seed-20260530\RunArtifacts\runs\20260603-185716_bb82a8c45ce24311ba67a7cf001329c5\logs\Layer02Node01-3940.stderr.log; stderrBytes=0; stderrTruncated=False; stderrDroppedBytes=0
2026-06-03T18:57:55.9280248+00:00	WorkerLogSummary	Layer02Node02	stdout=C:\Users\jimmy\Desktop\meta-bi\Samples\Demos\MetaOrchestrationHairballCliIntegration\Runs\hairball-seed-20260530\RunArtifacts\runs\20260603-185716_bb82a8c45ce24311ba67a7cf001329c5\logs\Layer02Node02-16368.stdout.log; stdoutBytes=0; stdoutTruncated=False; stdoutDroppedBytes=0; stderr=C:\Users\jimmy\Desktop\meta-bi\Samples\Demos\MetaOrchestrationHairballCliIntegration\Runs\hairball-seed-20260530\RunArtifacts\runs\20260603-185716_bb82a8c45ce24311ba67a7cf001329c5\logs\Layer02Node02-16368.stderr.log; stderrBytes=0; stderrTruncated=False; stderrDroppedBytes=0
2026-06-03T18:57:55.9284845+00:00	WorkerLogSummary	Layer02Node04	stdout=C:\Users\jimmy\Desktop\meta-bi\Samples\Demos\MetaOrchestrationHairballCliIntegration\Runs\hairball-seed-20260530\RunArtifacts\runs\20260603-185716_bb82a8c45ce24311ba67a7cf001329c5\logs\Layer02Node04-20572.stdout.log; stdoutBytes=0; stdoutTruncated=False; stdoutDroppedBytes=0; stderr=C:\Users\jimmy\Desktop\meta-bi\Samples\Demos\MetaOrchestrationHairballCliIntegration\Runs\hairball-seed-20260530\RunArtifacts\runs\20260603-185716_bb82a8c45ce24311ba67a7cf001329c5\logs\Layer02Node04-20572.stderr.log; stderrBytes=0; stderrTruncated=False; stderrDroppedBytes=0
2026-06-03T18:57:55.9292223+00:00	WorkerLogSummary	Layer02Node08	stdout=C:\Users\jimmy\Desktop\meta-bi\Samples\Demos\MetaOrchestrationHairballCliIntegration\Runs\hairball-seed-20260530\RunArtifacts\runs\20260603-185716_bb82a8c45ce24311ba67a7cf001329c5\logs\Layer02Node08-31064.stdout.log; stdoutBytes=0; stdoutTruncated=False; stdoutDroppedBytes=0; stderr=C:\Users\jimmy\Desktop\meta-bi\Samples\Demos\MetaOrchestrationHairballCliIntegration\Runs\hairball-seed-20260530\RunArtifacts\runs\20260603-185716_bb82a8c45ce24311ba67a7cf001329c5\logs\Layer02Node08-31064.stderr.log; stderrBytes=0; stderrTruncated=False; stderrDroppedBytes=0
2026-06-03T18:57:55.9296595+00:00	WorkerLogSummary	AuditHairball	stdout=C:\Users\jimmy\Desktop\meta-bi\Samples\Demos\MetaOrchestrationHairballCliIntegration\Runs\hairball-seed-20260530\RunArtifacts\runs\20260603-185716_bb82a8c45ce24311ba67a7cf001329c5\logs\AuditHairball-27092.stdout.log; stdoutBytes=0; stdoutTruncated=False; stdoutDroppedBytes=0; stderr=C:\Users\jimmy\Desktop\meta-bi\Samples\Demos\MetaOrchestrationHairballCliIntegration\Runs\hairball-seed-20260530\RunArtifacts\runs\20260603-185716_bb82a8c45ce24311ba67a7cf001329c5\logs\AuditHairball-27092.stderr.log; stderrBytes=0; stderrTruncated=False; stderrDroppedBytes=0
2026-06-03T18:57:55.9301284+00:00	WorkerLogSummary	Layer02Node06	stdout=C:\Users\jimmy\Desktop\meta-bi\Samples\Demos\MetaOrchestrationHairballCliIntegration\Runs\hairball-seed-20260530\RunArtifacts\runs\20260603-185716_bb82a8c45ce24311ba67a7cf001329c5\logs\Layer02Node06-28532.stdout.log; stdoutBytes=0; stdoutTruncated=False; stdoutDroppedBytes=0; stderr=C:\Users\jimmy\Desktop\meta-bi\Samples\Demos\MetaOrchestrationHairballCliIntegration\Runs\hairball-seed-20260530\RunArtifacts\runs\20260603-185716_bb82a8c45ce24311ba67a7cf001329c5\logs\Layer02Node06-28532.stderr.log; stderrBytes=0; stderrTruncated=False; stderrDroppedBytes=0
2026-06-03T18:57:55.9305098+00:00	WorkerLogSummary	Layer03Node02	stdout=C:\Users\jimmy\Desktop\meta-bi\Samples\Demos\MetaOrchestrationHairballCliIntegration\Runs\hairball-seed-20260530\RunArtifacts\runs\20260603-185716_bb82a8c45ce24311ba67a7cf001329c5\logs\Layer03Node02-4428.stdout.log; stdoutBytes=0; stdoutTruncated=False; stdoutDroppedBytes=0; stderr=C:\Users\jimmy\Desktop\meta-bi\Samples\Demos\MetaOrchestrationHairballCliIntegration\Runs\hairball-seed-20260530\RunArtifacts\runs\20260603-185716_bb82a8c45ce24311ba67a7cf001329c5\logs\Layer03Node02-4428.stderr.log; stderrBytes=0; stderrTruncated=False; stderrDroppedBytes=0
2026-06-03T18:57:55.9310154+00:00	WorkerLogSummary	Layer03Node03	stdout=C:\Users\jimmy\Desktop\meta-bi\Samples\Demos\MetaOrchestrationHairballCliIntegration\Runs\hairball-seed-20260530\RunArtifacts\runs\20260603-185716_bb82a8c45ce24311ba67a7cf001329c5\logs\Layer03Node03-25400.stdout.log; stdoutBytes=0; stdoutTruncated=False; stdoutDroppedBytes=0; stderr=C:\Users\jimmy\Desktop\meta-bi\Samples\Demos\MetaOrchestrationHairballCliIntegration\Runs\hairball-seed-20260530\RunArtifacts\runs\20260603-185716_bb82a8c45ce24311ba67a7cf001329c5\logs\Layer03Node03-25400.stderr.log; stderrBytes=0; stderrTruncated=False; stderrDroppedBytes=0
2026-06-03T18:57:55.9314233+00:00	WorkerLogSummary	Layer03Node10	stdout=C:\Users\jimmy\Desktop\meta-bi\Samples\Demos\MetaOrchestrationHairballCliIntegration\Runs\hairball-seed-20260530\RunArtifacts\runs\20260603-185716_bb82a8c45ce24311ba67a7cf001329c5\logs\Layer03Node10-17560.stdout.log; stdoutBytes=0; stdoutTruncated=False; stdoutDroppedBytes=0; stderr=C:\Users\jimmy\Desktop\meta-bi\Samples\Demos\MetaOrchestrationHairballCliIntegration\Runs\hairball-seed-20260530\RunArtifacts\runs\20260603-185716_bb82a8c45ce24311ba67a7cf001329c5\logs\Layer03Node10-17560.stderr.log; stderrBytes=0; stderrTruncated=False; stderrDroppedBytes=0
2026-06-03T18:57:55.9317162+00:00	WorkerLogSummary	Layer06Node02	stdout=C:\Users\jimmy\Desktop\meta-bi\Samples\Demos\MetaOrchestrationHairballCliIntegration\Runs\hairball-seed-20260530\RunArtifacts\runs\20260603-185716_bb82a8c45ce24311ba67a7cf001329c5\logs\Layer06Node02-18520.stdout.log; stdoutBytes=0; stdoutTruncated=False; stdoutDroppedBytes=0; stderr=C:\Users\jimmy\Desktop\meta-bi\Samples\Demos\MetaOrchestrationHairballCliIntegration\Runs\hairball-seed-20260530\RunArtifacts\runs\20260603-185716_bb82a8c45ce24311ba67a7cf001329c5\logs\Layer06Node02-18520.stderr.log; stderrBytes=0; stderrTruncated=False; stderrDroppedBytes=0
2026-06-03T18:57:55.9321471+00:00	WorkerLogSummary	Layer02Node07	stdout=C:\Users\jimmy\Desktop\meta-bi\Samples\Demos\MetaOrchestrationHairballCliIntegration\Runs\hairball-seed-20260530\RunArtifacts\runs\20260603-185716_bb82a8c45ce24311ba67a7cf001329c5\logs\Layer02Node07-20808.stdout.log; stdoutBytes=0; stdoutTruncated=False; stdoutDroppedBytes=0; stderr=C:\Users\jimmy\Desktop\meta-bi\Samples\Demos\MetaOrchestrationHairballCliIntegration\Runs\hairball-seed-20260530\RunArtifacts\runs\20260603-185716_bb82a8c45ce24311ba67a7cf001329c5\logs\Layer02Node07-20808.stderr.log; stderrBytes=0; stderrTruncated=False; stderrDroppedBytes=0
2026-06-03T18:57:55.9325695+00:00	WorkerLogSummary	Layer03Node06	stdout=C:\Users\jimmy\Desktop\meta-bi\Samples\Demos\MetaOrchestrationHairballCliIntegration\Runs\hairball-seed-20260530\RunArtifacts\runs\20260603-185716_bb82a8c45ce24311ba67a7cf001329c5\logs\Layer03Node06-6540.stdout.log; stdoutBytes=0; stdoutTruncated=False; stdoutDroppedBytes=0; stderr=C:\Users\jimmy\Desktop\meta-bi\Samples\Demos\MetaOrchestrationHairballCliIntegration\Runs\hairball-seed-20260530\RunArtifacts\runs\20260603-185716_bb82a8c45ce24311ba67a7cf001329c5\logs\Layer03Node06-6540.stderr.log; stderrBytes=0; stderrTruncated=False; stderrDroppedBytes=0
2026-06-03T18:57:55.9330284+00:00	WorkerLogSummary	Layer04Node03	stdout=C:\Users\jimmy\Desktop\meta-bi\Samples\Demos\MetaOrchestrationHairballCliIntegration\Runs\hairball-seed-20260530\RunArtifacts\runs\20260603-185716_bb82a8c45ce24311ba67a7cf001329c5\logs\Layer04Node03-28268.stdout.log; stdoutBytes=0; stdoutTruncated=False; stdoutDroppedBytes=0; stderr=C:\Users\jimmy\Desktop\meta-bi\Samples\Demos\MetaOrchestrationHairballCliIntegration\Runs\hairball-seed-20260530\RunArtifacts\runs\20260603-185716_bb82a8c45ce24311ba67a7cf001329c5\logs\Layer04Node03-28268.stderr.log; stderrBytes=0; stderrTruncated=False; stderrDroppedBytes=0
2026-06-03T18:57:55.9335062+00:00	WorkerLogSummary	Layer06Node06	stdout=C:\Users\jimmy\Desktop\meta-bi\Samples\Demos\MetaOrchestrationHairballCliIntegration\Runs\hairball-seed-20260530\RunArtifacts\runs\20260603-185716_bb82a8c45ce24311ba67a7cf001329c5\logs\Layer06Node06-29244.stdout.log; stdoutBytes=0; stdoutTruncated=False; stdoutDroppedBytes=0; stderr=C:\Users\jimmy\Desktop\meta-bi\Samples\Demos\MetaOrchestrationHairballCliIntegration\Runs\hairball-seed-20260530\RunArtifacts\runs\20260603-185716_bb82a8c45ce24311ba67a7cf001329c5\logs\Layer06Node06-29244.stderr.log; stderrBytes=0; stderrTruncated=False; stderrDroppedBytes=0
2026-06-03T18:57:55.9340283+00:00	WorkerLogSummary	AuditHairball	stdout=C:\Users\jimmy\Desktop\meta-bi\Samples\Demos\MetaOrchestrationHairballCliIntegration\Runs\hairball-seed-20260530\RunArtifacts\runs\20260603-185716_bb82a8c45ce24311ba67a7cf001329c5\logs\AuditHairball-18428.stdout.log; stdoutBytes=0; stdoutTruncated=False; stdoutDroppedBytes=0; stderr=C:\Users\jimmy\Desktop\meta-bi\Samples\Demos\MetaOrchestrationHairballCliIntegration\Runs\hairball-seed-20260530\RunArtifacts\runs\20260603-185716_bb82a8c45ce24311ba67a7cf001329c5\logs\AuditHairball-18428.stderr.log; stderrBytes=0; stderrTruncated=False; stderrDroppedBytes=0
2026-06-03T18:57:55.9345887+00:00	WorkerLogSummary	BridgeL01L02	stdout=C:\Users\jimmy\Desktop\meta-bi\Samples\Demos\MetaOrchestrationHairballCliIntegration\Runs\hairball-seed-20260530\RunArtifacts\runs\20260603-185716_bb82a8c45ce24311ba67a7cf001329c5\logs\BridgeL01L02-15464.stdout.log; stdoutBytes=0; stdoutTruncated=False; stdoutDroppedBytes=0; stderr=C:\Users\jimmy\Desktop\meta-bi\Samples\Demos\MetaOrchestrationHairballCliIntegration\Runs\hairball-seed-20260530\RunArtifacts\runs\20260603-185716_bb82a8c45ce24311ba67a7cf001329c5\logs\BridgeL01L02-15464.stderr.log; stderrBytes=0; stderrTruncated=False; stderrDroppedBytes=0
2026-06-03T18:57:55.9351577+00:00	WorkerLogSummary	BridgeL03L04	stdout=C:\Users\jimmy\Desktop\meta-bi\Samples\Demos\MetaOrchestrationHairballCliIntegration\Runs\hairball-seed-20260530\RunArtifacts\runs\20260603-185716_bb82a8c45ce24311ba67a7cf001329c5\logs\BridgeL03L04-25472.stdout.log; stdoutBytes=0; stdoutTruncated=False; stdoutDroppedBytes=0; stderr=C:\Users\jimmy\Desktop\meta-bi\Samples\Demos\MetaOrchestrationHairballCliIntegration\Runs\hairball-seed-20260530\RunArtifacts\runs\20260603-185716_bb82a8c45ce24311ba67a7cf001329c5\logs\BridgeL03L04-25472.stderr.log; stderrBytes=0; stderrTruncated=False; stderrDroppedBytes=0
2026-06-03T18:57:55.9357706+00:00	WorkerLogSummary	Layer06Node09	stdout=C:\Users\jimmy\Desktop\meta-bi\Samples\Demos\MetaOrchestrationHairballCliIntegration\Runs\hairball-seed-20260530\RunArtifacts\runs\20260603-185716_bb82a8c45ce24311ba67a7cf001329c5\logs\Layer06Node09-26764.stdout.log; stdoutBytes=0; stdoutTruncated=False; stdoutDroppedBytes=0; stderr=C:\Users\jimmy\Desktop\meta-bi\Samples\Demos\MetaOrchestrationHairballCliIntegration\Runs\hairball-seed-20260530\RunArtifacts\runs\20260603-185716_bb82a8c45ce24311ba67a7cf001329c5\logs\Layer06Node09-26764.stderr.log; stderrBytes=0; stderrTruncated=False; stderrDroppedBytes=0
2026-06-03T18:57:55.9362386+00:00	WorkerLogSummary	BridgeL05L06	stdout=C:\Users\jimmy\Desktop\meta-bi\Samples\Demos\MetaOrchestrationHairballCliIntegration\Runs\hairball-seed-20260530\RunArtifacts\runs\20260603-185716_bb82a8c45ce24311ba67a7cf001329c5\logs\BridgeL05L06-17012.stdout.log; stdoutBytes=0; stdoutTruncated=False; stdoutDroppedBytes=0; stderr=C:\Users\jimmy\Desktop\meta-bi\Samples\Demos\MetaOrchestrationHairballCliIntegration\Runs\hairball-seed-20260530\RunArtifacts\runs\20260603-185716_bb82a8c45ce24311ba67a7cf001329c5\logs\BridgeL05L06-17012.stderr.log; stderrBytes=0; stderrTruncated=False; stderrDroppedBytes=0
2026-06-03T18:57:55.9367641+00:00	WorkerLogSummary	Layer03Hub	stdout=C:\Users\jimmy\Desktop\meta-bi\Samples\Demos\MetaOrchestrationHairballCliIntegration\Runs\hairball-seed-20260530\RunArtifacts\runs\20260603-185716_bb82a8c45ce24311ba67a7cf001329c5\logs\Layer03Hub-22000.stdout.log; stdoutBytes=0; stdoutTruncated=False; stdoutDroppedBytes=0; stderr=C:\Users\jimmy\Desktop\meta-bi\Samples\Demos\MetaOrchestrationHairballCliIntegration\Runs\hairball-seed-20260530\RunArtifacts\runs\20260603-185716_bb82a8c45ce24311ba67a7cf001329c5\logs\Layer03Hub-22000.stderr.log; stderrBytes=0; stderrTruncated=False; stderrDroppedBytes=0
2026-06-03T18:57:55.9372160+00:00	WorkerLogSummary	Layer03Node07	stdout=C:\Users\jimmy\Desktop\meta-bi\Samples\Demos\MetaOrchestrationHairballCliIntegration\Runs\hairball-seed-20260530\RunArtifacts\runs\20260603-185716_bb82a8c45ce24311ba67a7cf001329c5\logs\Layer03Node07-28064.stdout.log; stdoutBytes=0; stdoutTruncated=False; stdoutDroppedBytes=0; stderr=C:\Users\jimmy\Desktop\meta-bi\Samples\Demos\MetaOrchestrationHairballCliIntegration\Runs\hairball-seed-20260530\RunArtifacts\runs\20260603-185716_bb82a8c45ce24311ba67a7cf001329c5\logs\Layer03Node07-28064.stderr.log; stderrBytes=0; stderrTruncated=False; stderrDroppedBytes=0
2026-06-03T18:57:55.9376706+00:00	WorkerLogSummary	AuditHairball	stdout=C:\Users\jimmy\Desktop\meta-bi\Samples\Demos\MetaOrchestrationHairballCliIntegration\Runs\hairball-seed-20260530\RunArtifacts\runs\20260603-185716_bb82a8c45ce24311ba67a7cf001329c5\logs\AuditHairball-21252.stdout.log; stdoutBytes=0; stdoutTruncated=False; stdoutDroppedBytes=0; stderr=C:\Users\jimmy\Desktop\meta-bi\Samples\Demos\MetaOrchestrationHairballCliIntegration\Runs\hairball-seed-20260530\RunArtifacts\runs\20260603-185716_bb82a8c45ce24311ba67a7cf001329c5\logs\AuditHairball-21252.stderr.log; stderrBytes=0; stderrTruncated=False; stderrDroppedBytes=0
2026-06-03T18:57:55.9381121+00:00	WorkerLogSummary	BridgeL07L08	stdout=C:\Users\jimmy\Desktop\meta-bi\Samples\Demos\MetaOrchestrationHairballCliIntegration\Runs\hairball-seed-20260530\RunArtifacts\runs\20260603-185716_bb82a8c45ce24311ba67a7cf001329c5\logs\BridgeL07L08-15752.stdout.log; stdoutBytes=0; stdoutTruncated=False; stdoutDroppedBytes=0; stderr=C:\Users\jimmy\Desktop\meta-bi\Samples\Demos\MetaOrchestrationHairballCliIntegration\Runs\hairball-seed-20260530\RunArtifacts\runs\20260603-185716_bb82a8c45ce24311ba67a7cf001329c5\logs\BridgeL07L08-15752.stderr.log; stderrBytes=0; stderrTruncated=False; stderrDroppedBytes=0
2026-06-03T18:57:55.9390066+00:00	WorkerLogSummary	Layer03Node01	stdout=C:\Users\jimmy\Desktop\meta-bi\Samples\Demos\MetaOrchestrationHairballCliIntegration\Runs\hairball-seed-20260530\RunArtifacts\runs\20260603-185716_bb82a8c45ce24311ba67a7cf001329c5\logs\Layer03Node01-15932.stdout.log; stdoutBytes=0; stdoutTruncated=False; stdoutDroppedBytes=0; stderr=C:\Users\jimmy\Desktop\meta-bi\Samples\Demos\MetaOrchestrationHairballCliIntegration\Runs\hairball-seed-20260530\RunArtifacts\runs\20260603-185716_bb82a8c45ce24311ba67a7cf001329c5\logs\Layer03Node01-15932.stderr.log; stderrBytes=0; stderrTruncated=False; stderrDroppedBytes=0
2026-06-03T18:57:55.9394579+00:00	WorkerLogSummary	Layer03Node04	stdout=C:\Users\jimmy\Desktop\meta-bi\Samples\Demos\MetaOrchestrationHairballCliIntegration\Runs\hairball-seed-20260530\RunArtifacts\runs\20260603-185716_bb82a8c45ce24311ba67a7cf001329c5\logs\Layer03Node04-29768.stdout.log; stdoutBytes=0; stdoutTruncated=False; stdoutDroppedBytes=0; stderr=C:\Users\jimmy\Desktop\meta-bi\Samples\Demos\MetaOrchestrationHairballCliIntegration\Runs\hairball-seed-20260530\RunArtifacts\runs\20260603-185716_bb82a8c45ce24311ba67a7cf001329c5\logs\Layer03Node04-29768.stderr.log; stderrBytes=0; stderrTruncated=False; stderrDroppedBytes=0
2026-06-03T18:57:55.9400019+00:00	WorkerLogSummary	Layer04Node04	stdout=C:\Users\jimmy\Desktop\meta-bi\Samples\Demos\MetaOrchestrationHairballCliIntegration\Runs\hairball-seed-20260530\RunArtifacts\runs\20260603-185716_bb82a8c45ce24311ba67a7cf001329c5\logs\Layer04Node04-4436.stdout.log; stdoutBytes=0; stdoutTruncated=False; stdoutDroppedBytes=0; stderr=C:\Users\jimmy\Desktop\meta-bi\Samples\Demos\MetaOrchestrationHairballCliIntegration\Runs\hairball-seed-20260530\RunArtifacts\runs\20260603-185716_bb82a8c45ce24311ba67a7cf001329c5\logs\Layer04Node04-4436.stderr.log; stderrBytes=0; stderrTruncated=False; stderrDroppedBytes=0
2026-06-03T18:57:55.9404084+00:00	WorkerLogSummary	BridgeL03L04	stdout=C:\Users\jimmy\Desktop\meta-bi\Samples\Demos\MetaOrchestrationHairballCliIntegration\Runs\hairball-seed-20260530\RunArtifacts\runs\20260603-185716_bb82a8c45ce24311ba67a7cf001329c5\logs\BridgeL03L04-12388.stdout.log; stdoutBytes=0; stdoutTruncated=False; stdoutDroppedBytes=0; stderr=C:\Users\jimmy\Desktop\meta-bi\Samples\Demos\MetaOrchestrationHairballCliIntegration\Runs\hairball-seed-20260530\RunArtifacts\runs\20260603-185716_bb82a8c45ce24311ba67a7cf001329c5\logs\BridgeL03L04-12388.stderr.log; stderrBytes=0; stderrTruncated=False; stderrDroppedBytes=0
2026-06-03T18:57:55.9408251+00:00	WorkerLogSummary	Layer03Node08	stdout=C:\Users\jimmy\Desktop\meta-bi\Samples\Demos\MetaOrchestrationHairballCliIntegration\Runs\hairball-seed-20260530\RunArtifacts\runs\20260603-185716_bb82a8c45ce24311ba67a7cf001329c5\logs\Layer03Node08-26756.stdout.log; stdoutBytes=0; stdoutTruncated=False; stdoutDroppedBytes=0; stderr=C:\Users\jimmy\Desktop\meta-bi\Samples\Demos\MetaOrchestrationHairballCliIntegration\Runs\hairball-seed-20260530\RunArtifacts\runs\20260603-185716_bb82a8c45ce24311ba67a7cf001329c5\logs\Layer03Node08-26756.stderr.log; stderrBytes=0; stderrTruncated=False; stderrDroppedBytes=0
2026-06-03T18:57:55.9412898+00:00	WorkerLogSummary	BridgeL05L06	stdout=C:\Users\jimmy\Desktop\meta-bi\Samples\Demos\MetaOrchestrationHairballCliIntegration\Runs\hairball-seed-20260530\RunArtifacts\runs\20260603-185716_bb82a8c45ce24311ba67a7cf001329c5\logs\BridgeL05L06-29644.stdout.log; stdoutBytes=0; stdoutTruncated=False; stdoutDroppedBytes=0; stderr=C:\Users\jimmy\Desktop\meta-bi\Samples\Demos\MetaOrchestrationHairballCliIntegration\Runs\hairball-seed-20260530\RunArtifacts\runs\20260603-185716_bb82a8c45ce24311ba67a7cf001329c5\logs\BridgeL05L06-29644.stderr.log; stderrBytes=0; stderrTruncated=False; stderrDroppedBytes=0
2026-06-03T18:57:55.9419619+00:00	WorkerLogSummary	Layer08Node07	stdout=C:\Users\jimmy\Desktop\meta-bi\Samples\Demos\MetaOrchestrationHairballCliIntegration\Runs\hairball-seed-20260530\RunArtifacts\runs\20260603-185716_bb82a8c45ce24311ba67a7cf001329c5\logs\Layer08Node07-28388.stdout.log; stdoutBytes=0; stdoutTruncated=False; stdoutDroppedBytes=0; stderr=C:\Users\jimmy\Desktop\meta-bi\Samples\Demos\MetaOrchestrationHairballCliIntegration\Runs\hairball-seed-20260530\RunArtifacts\runs\20260603-185716_bb82a8c45ce24311ba67a7cf001329c5\logs\Layer08Node07-28388.stderr.log; stderrBytes=0; stderrTruncated=False; stderrDroppedBytes=0
2026-06-03T18:57:55.9424890+00:00	WorkerLogSummary	Layer03Node05	stdout=C:\Users\jimmy\Desktop\meta-bi\Samples\Demos\MetaOrchestrationHairballCliIntegration\Runs\hairball-seed-20260530\RunArtifacts\runs\20260603-185716_bb82a8c45ce24311ba67a7cf001329c5\logs\Layer03Node05-1604.stdout.log; stdoutBytes=0; stdoutTruncated=False; stdoutDroppedBytes=0; stderr=C:\Users\jimmy\Desktop\meta-bi\Samples\Demos\MetaOrchestrationHairballCliIntegration\Runs\hairball-seed-20260530\RunArtifacts\runs\20260603-185716_bb82a8c45ce24311ba67a7cf001329c5\logs\Layer03Node05-1604.stderr.log; stderrBytes=0; stderrTruncated=False; stderrDroppedBytes=0
2026-06-03T18:57:55.9431533+00:00	WorkerLogSummary	Layer04Node06	stdout=C:\Users\jimmy\Desktop\meta-bi\Samples\Demos\MetaOrchestrationHairballCliIntegration\Runs\hairball-seed-20260530\RunArtifacts\runs\20260603-185716_bb82a8c45ce24311ba67a7cf001329c5\logs\Layer04Node06-29716.stdout.log; stdoutBytes=0; stdoutTruncated=False; stdoutDroppedBytes=0; stderr=C:\Users\jimmy\Desktop\meta-bi\Samples\Demos\MetaOrchestrationHairballCliIntegration\Runs\hairball-seed-20260530\RunArtifacts\runs\20260603-185716_bb82a8c45ce24311ba67a7cf001329c5\logs\Layer04Node06-29716.stderr.log; stderrBytes=0; stderrTruncated=False; stderrDroppedBytes=0
2026-06-03T18:57:55.9437751+00:00	WorkerLogSummary	AuditHairball	stdout=C:\Users\jimmy\Desktop\meta-bi\Samples\Demos\MetaOrchestrationHairballCliIntegration\Runs\hairball-seed-20260530\RunArtifacts\runs\20260603-185716_bb82a8c45ce24311ba67a7cf001329c5\logs\AuditHairball-31160.stdout.log; stdoutBytes=0; stdoutTruncated=False; stdoutDroppedBytes=0; stderr=C:\Users\jimmy\Desktop\meta-bi\Samples\Demos\MetaOrchestrationHairballCliIntegration\Runs\hairball-seed-20260530\RunArtifacts\runs\20260603-185716_bb82a8c45ce24311ba67a7cf001329c5\logs\AuditHairball-31160.stderr.log; stderrBytes=0; stderrTruncated=False; stderrDroppedBytes=0
2026-06-03T18:57:55.9442723+00:00	WorkerLogSummary	Layer04Node09	stdout=C:\Users\jimmy\Desktop\meta-bi\Samples\Demos\MetaOrchestrationHairballCliIntegration\Runs\hairball-seed-20260530\RunArtifacts\runs\20260603-185716_bb82a8c45ce24311ba67a7cf001329c5\logs\Layer04Node09-16008.stdout.log; stdoutBytes=0; stdoutTruncated=False; stdoutDroppedBytes=0; stderr=C:\Users\jimmy\Desktop\meta-bi\Samples\Demos\MetaOrchestrationHairballCliIntegration\Runs\hairball-seed-20260530\RunArtifacts\runs\20260603-185716_bb82a8c45ce24311ba67a7cf001329c5\logs\Layer04Node09-16008.stderr.log; stderrBytes=0; stderrTruncated=False; stderrDroppedBytes=0
2026-06-03T18:57:55.9446348+00:00	WorkerLogSummary	Layer07Node02	stdout=C:\Users\jimmy\Desktop\meta-bi\Samples\Demos\MetaOrchestrationHairballCliIntegration\Runs\hairball-seed-20260530\RunArtifacts\runs\20260603-185716_bb82a8c45ce24311ba67a7cf001329c5\logs\Layer07Node02-31372.stdout.log; stdoutBytes=0; stdoutTruncated=False; stdoutDroppedBytes=0; stderr=C:\Users\jimmy\Desktop\meta-bi\Samples\Demos\MetaOrchestrationHairballCliIntegration\Runs\hairball-seed-20260530\RunArtifacts\runs\20260603-185716_bb82a8c45ce24311ba67a7cf001329c5\logs\Layer07Node02-31372.stderr.log; stderrBytes=0; stderrTruncated=False; stderrDroppedBytes=0
2026-06-03T18:57:55.9449849+00:00	WorkerLogSummary	BridgeL07L08	stdout=C:\Users\jimmy\Desktop\meta-bi\Samples\Demos\MetaOrchestrationHairballCliIntegration\Runs\hairball-seed-20260530\RunArtifacts\runs\20260603-185716_bb82a8c45ce24311ba67a7cf001329c5\logs\BridgeL07L08-24596.stdout.log; stdoutBytes=0; stdoutTruncated=False; stdoutDroppedBytes=0; stderr=C:\Users\jimmy\Desktop\meta-bi\Samples\Demos\MetaOrchestrationHairballCliIntegration\Runs\hairball-seed-20260530\RunArtifacts\runs\20260603-185716_bb82a8c45ce24311ba67a7cf001329c5\logs\BridgeL07L08-24596.stderr.log; stderrBytes=0; stderrTruncated=False; stderrDroppedBytes=0
2026-06-03T18:57:55.9453955+00:00	WorkerLogSummary	CompositeMart	stdout=C:\Users\jimmy\Desktop\meta-bi\Samples\Demos\MetaOrchestrationHairballCliIntegration\Runs\hairball-seed-20260530\RunArtifacts\runs\20260603-185716_bb82a8c45ce24311ba67a7cf001329c5\logs\CompositeMart-22948.stdout.log; stdoutBytes=0; stdoutTruncated=False; stdoutDroppedBytes=0; stderr=C:\Users\jimmy\Desktop\meta-bi\Samples\Demos\MetaOrchestrationHairballCliIntegration\Runs\hairball-seed-20260530\RunArtifacts\runs\20260603-185716_bb82a8c45ce24311ba67a7cf001329c5\logs\CompositeMart-22948.stderr.log; stderrBytes=0; stderrTruncated=False; stderrDroppedBytes=0
2026-06-03T18:57:55.9457864+00:00	WorkerLogSummary	Layer03Hub	stdout=C:\Users\jimmy\Desktop\meta-bi\Samples\Demos\MetaOrchestrationHairballCliIntegration\Runs\hairball-seed-20260530\RunArtifacts\runs\20260603-185716_bb82a8c45ce24311ba67a7cf001329c5\logs\Layer03Hub-29784.stdout.log; stdoutBytes=0; stdoutTruncated=False; stdoutDroppedBytes=0; stderr=C:\Users\jimmy\Desktop\meta-bi\Samples\Demos\MetaOrchestrationHairballCliIntegration\Runs\hairball-seed-20260530\RunArtifacts\runs\20260603-185716_bb82a8c45ce24311ba67a7cf001329c5\logs\Layer03Hub-29784.stderr.log; stderrBytes=0; stderrTruncated=False; stderrDroppedBytes=0
2026-06-03T18:57:55.9461171+00:00	WorkerLogSummary	Layer04Node07	stdout=C:\Users\jimmy\Desktop\meta-bi\Samples\Demos\MetaOrchestrationHairballCliIntegration\Runs\hairball-seed-20260530\RunArtifacts\runs\20260603-185716_bb82a8c45ce24311ba67a7cf001329c5\logs\Layer04Node07-3340.stdout.log; stdoutBytes=0; stdoutTruncated=False; stdoutDroppedBytes=0; stderr=C:\Users\jimmy\Desktop\meta-bi\Samples\Demos\MetaOrchestrationHairballCliIntegration\Runs\hairball-seed-20260530\RunArtifacts\runs\20260603-185716_bb82a8c45ce24311ba67a7cf001329c5\logs\Layer04Node07-3340.stderr.log; stderrBytes=0; stderrTruncated=False; stderrDroppedBytes=0
2026-06-03T18:57:55.9464585+00:00	WorkerLogSummary	Layer06Node03	stdout=C:\Users\jimmy\Desktop\meta-bi\Samples\Demos\MetaOrchestrationHairballCliIntegration\Runs\hairball-seed-20260530\RunArtifacts\runs\20260603-185716_bb82a8c45ce24311ba67a7cf001329c5\logs\Layer06Node03-24820.stdout.log; stdoutBytes=0; stdoutTruncated=False; stdoutDroppedBytes=0; stderr=C:\Users\jimmy\Desktop\meta-bi\Samples\Demos\MetaOrchestrationHairballCliIntegration\Runs\hairball-seed-20260530\RunArtifacts\runs\20260603-185716_bb82a8c45ce24311ba67a7cf001329c5\logs\Layer06Node03-24820.stderr.log; stderrBytes=0; stderrTruncated=False; stderrDroppedBytes=0
2026-06-03T18:57:55.9470331+00:00	WorkerLogSummary	Layer04Hub	stdout=C:\Users\jimmy\Desktop\meta-bi\Samples\Demos\MetaOrchestrationHairballCliIntegration\Runs\hairball-seed-20260530\RunArtifacts\runs\20260603-185716_bb82a8c45ce24311ba67a7cf001329c5\logs\Layer04Hub-20628.stdout.log; stdoutBytes=0; stdoutTruncated=False; stdoutDroppedBytes=0; stderr=C:\Users\jimmy\Desktop\meta-bi\Samples\Demos\MetaOrchestrationHairballCliIntegration\Runs\hairball-seed-20260530\RunArtifacts\runs\20260603-185716_bb82a8c45ce24311ba67a7cf001329c5\logs\Layer04Hub-20628.stderr.log; stderrBytes=0; stderrTruncated=False; stderrDroppedBytes=0
2026-06-03T18:57:55.9475546+00:00	WorkerLogSummary	Layer04Node01	stdout=C:\Users\jimmy\Desktop\meta-bi\Samples\Demos\MetaOrchestrationHairballCliIntegration\Runs\hairball-seed-20260530\RunArtifacts\runs\20260603-185716_bb82a8c45ce24311ba67a7cf001329c5\logs\Layer04Node01-12768.stdout.log; stdoutBytes=0; stdoutTruncated=False; stdoutDroppedBytes=0; stderr=C:\Users\jimmy\Desktop\meta-bi\Samples\Demos\MetaOrchestrationHairballCliIntegration\Runs\hairball-seed-20260530\RunArtifacts\runs\20260603-185716_bb82a8c45ce24311ba67a7cf001329c5\logs\Layer04Node01-12768.stderr.log; stderrBytes=0; stderrTruncated=False; stderrDroppedBytes=0
2026-06-03T18:57:55.9478802+00:00	WorkerLogSummary	Layer04Node02	stdout=C:\Users\jimmy\Desktop\meta-bi\Samples\Demos\MetaOrchestrationHairballCliIntegration\Runs\hairball-seed-20260530\RunArtifacts\runs\20260603-185716_bb82a8c45ce24311ba67a7cf001329c5\logs\Layer04Node02-27700.stdout.log; stdoutBytes=0; stdoutTruncated=False; stdoutDroppedBytes=0; stderr=C:\Users\jimmy\Desktop\meta-bi\Samples\Demos\MetaOrchestrationHairballCliIntegration\Runs\hairball-seed-20260530\RunArtifacts\runs\20260603-185716_bb82a8c45ce24311ba67a7cf001329c5\logs\Layer04Node02-27700.stderr.log; stderrBytes=0; stderrTruncated=False; stderrDroppedBytes=0
2026-06-03T18:57:55.9482685+00:00	WorkerLogSummary	Layer04Node05	stdout=C:\Users\jimmy\Desktop\meta-bi\Samples\Demos\MetaOrchestrationHairballCliIntegration\Runs\hairball-seed-20260530\RunArtifacts\runs\20260603-185716_bb82a8c45ce24311ba67a7cf001329c5\logs\Layer04Node05-18992.stdout.log; stdoutBytes=0; stdoutTruncated=False; stdoutDroppedBytes=0; stderr=C:\Users\jimmy\Desktop\meta-bi\Samples\Demos\MetaOrchestrationHairballCliIntegration\Runs\hairball-seed-20260530\RunArtifacts\runs\20260603-185716_bb82a8c45ce24311ba67a7cf001329c5\logs\Layer04Node05-18992.stderr.log; stderrBytes=0; stderrTruncated=False; stderrDroppedBytes=0
2026-06-03T18:57:55.9486648+00:00	WorkerLogSummary	Layer04Node08	stdout=C:\Users\jimmy\Desktop\meta-bi\Samples\Demos\MetaOrchestrationHairballCliIntegration\Runs\hairball-seed-20260530\RunArtifacts\runs\20260603-185716_bb82a8c45ce24311ba67a7cf001329c5\logs\Layer04Node08-19156.stdout.log; stdoutBytes=0; stdoutTruncated=False; stdoutDroppedBytes=0; stderr=C:\Users\jimmy\Desktop\meta-bi\Samples\Demos\MetaOrchestrationHairballCliIntegration\Runs\hairball-seed-20260530\RunArtifacts\runs\20260603-185716_bb82a8c45ce24311ba67a7cf001329c5\logs\Layer04Node08-19156.stderr.log; stderrBytes=0; stderrTruncated=False; stderrDroppedBytes=0
2026-06-03T18:57:55.9491486+00:00	WorkerLogSummary	Layer05Node03	stdout=C:\Users\jimmy\Desktop\meta-bi\Samples\Demos\MetaOrchestrationHairballCliIntegration\Runs\hairball-seed-20260530\RunArtifacts\runs\20260603-185716_bb82a8c45ce24311ba67a7cf001329c5\logs\Layer05Node03-28352.stdout.log; stdoutBytes=0; stdoutTruncated=False; stdoutDroppedBytes=0; stderr=C:\Users\jimmy\Desktop\meta-bi\Samples\Demos\MetaOrchestrationHairballCliIntegration\Runs\hairball-seed-20260530\RunArtifacts\runs\20260603-185716_bb82a8c45ce24311ba67a7cf001329c5\logs\Layer05Node03-28352.stderr.log; stderrBytes=0; stderrTruncated=False; stderrDroppedBytes=0
2026-06-03T18:57:55.9496970+00:00	WorkerLogSummary	Layer07Node07	stdout=C:\Users\jimmy\Desktop\meta-bi\Samples\Demos\MetaOrchestrationHairballCliIntegration\Runs\hairball-seed-20260530\RunArtifacts\runs\20260603-185716_bb82a8c45ce24311ba67a7cf001329c5\logs\Layer07Node07-26196.stdout.log; stdoutBytes=0; stdoutTruncated=False; stdoutDroppedBytes=0; stderr=C:\Users\jimmy\Desktop\meta-bi\Samples\Demos\MetaOrchestrationHairballCliIntegration\Runs\hairball-seed-20260530\RunArtifacts\runs\20260603-185716_bb82a8c45ce24311ba67a7cf001329c5\logs\Layer07Node07-26196.stderr.log; stderrBytes=0; stderrTruncated=False; stderrDroppedBytes=0
2026-06-03T18:57:55.9501029+00:00	WorkerLogSummary	Layer05Node02	stdout=C:\Users\jimmy\Desktop\meta-bi\Samples\Demos\MetaOrchestrationHairballCliIntegration\Runs\hairball-seed-20260530\RunArtifacts\runs\20260603-185716_bb82a8c45ce24311ba67a7cf001329c5\logs\Layer05Node02-17228.stdout.log; stdoutBytes=0; stdoutTruncated=False; stdoutDroppedBytes=0; stderr=C:\Users\jimmy\Desktop\meta-bi\Samples\Demos\MetaOrchestrationHairballCliIntegration\Runs\hairball-seed-20260530\RunArtifacts\runs\20260603-185716_bb82a8c45ce24311ba67a7cf001329c5\logs\Layer05Node02-17228.stderr.log; stderrBytes=0; stderrTruncated=False; stderrDroppedBytes=0
2026-06-03T18:57:55.9505260+00:00	WorkerLogSummary	AuditHairball	stdout=C:\Users\jimmy\Desktop\meta-bi\Samples\Demos\MetaOrchestrationHairballCliIntegration\Runs\hairball-seed-20260530\RunArtifacts\runs\20260603-185716_bb82a8c45ce24311ba67a7cf001329c5\logs\AuditHairball-12872.stdout.log; stdoutBytes=0; stdoutTruncated=False; stdoutDroppedBytes=0; stderr=C:\Users\jimmy\Desktop\meta-bi\Samples\Demos\MetaOrchestrationHairballCliIntegration\Runs\hairball-seed-20260530\RunArtifacts\runs\20260603-185716_bb82a8c45ce24311ba67a7cf001329c5\logs\AuditHairball-12872.stderr.log; stderrBytes=0; stderrTruncated=False; stderrDroppedBytes=0
2026-06-03T18:57:55.9509427+00:00	WorkerLogSummary	Layer05Node07	stdout=C:\Users\jimmy\Desktop\meta-bi\Samples\Demos\MetaOrchestrationHairballCliIntegration\Runs\hairball-seed-20260530\RunArtifacts\runs\20260603-185716_bb82a8c45ce24311ba67a7cf001329c5\logs\Layer05Node07-29464.stdout.log; stdoutBytes=0; stdoutTruncated=False; stdoutDroppedBytes=0; stderr=C:\Users\jimmy\Desktop\meta-bi\Samples\Demos\MetaOrchestrationHairballCliIntegration\Runs\hairball-seed-20260530\RunArtifacts\runs\20260603-185716_bb82a8c45ce24311ba67a7cf001329c5\logs\Layer05Node07-29464.stderr.log; stderrBytes=0; stderrTruncated=False; stderrDroppedBytes=0
2026-06-03T18:57:55.9512354+00:00	WorkerLogSummary	Layer07Node04	stdout=C:\Users\jimmy\Desktop\meta-bi\Samples\Demos\MetaOrchestrationHairballCliIntegration\Runs\hairball-seed-20260530\RunArtifacts\runs\20260603-185716_bb82a8c45ce24311ba67a7cf001329c5\logs\Layer07Node04-25312.stdout.log; stdoutBytes=0; stdoutTruncated=False; stdoutDroppedBytes=0; stderr=C:\Users\jimmy\Desktop\meta-bi\Samples\Demos\MetaOrchestrationHairballCliIntegration\Runs\hairball-seed-20260530\RunArtifacts\runs\20260603-185716_bb82a8c45ce24311ba67a7cf001329c5\logs\Layer07Node04-25312.stderr.log; stderrBytes=0; stderrTruncated=False; stderrDroppedBytes=0
2026-06-03T18:57:55.9517526+00:00	WorkerLogSummary	BridgeL03L04	stdout=C:\Users\jimmy\Desktop\meta-bi\Samples\Demos\MetaOrchestrationHairballCliIntegration\Runs\hairball-seed-20260530\RunArtifacts\runs\20260603-185716_bb82a8c45ce24311ba67a7cf001329c5\logs\BridgeL03L04-29368.stdout.log; stdoutBytes=0; stdoutTruncated=False; stdoutDroppedBytes=0; stderr=C:\Users\jimmy\Desktop\meta-bi\Samples\Demos\MetaOrchestrationHairballCliIntegration\Runs\hairball-seed-20260530\RunArtifacts\runs\20260603-185716_bb82a8c45ce24311ba67a7cf001329c5\logs\BridgeL03L04-29368.stderr.log; stderrBytes=0; stderrTruncated=False; stderrDroppedBytes=0
2026-06-03T18:57:55.9522912+00:00	WorkerLogSummary	Layer06Node04	stdout=C:\Users\jimmy\Desktop\meta-bi\Samples\Demos\MetaOrchestrationHairballCliIntegration\Runs\hairball-seed-20260530\RunArtifacts\runs\20260603-185716_bb82a8c45ce24311ba67a7cf001329c5\logs\Layer06Node04-28620.stdout.log; stdoutBytes=0; stdoutTruncated=False; stdoutDroppedBytes=0; stderr=C:\Users\jimmy\Desktop\meta-bi\Samples\Demos\MetaOrchestrationHairballCliIntegration\Runs\hairball-seed-20260530\RunArtifacts\runs\20260603-185716_bb82a8c45ce24311ba67a7cf001329c5\logs\Layer06Node04-28620.stderr.log; stderrBytes=0; stderrTruncated=False; stderrDroppedBytes=0
2026-06-03T18:57:55.9527643+00:00	WorkerLogSummary	BridgeL05L06	stdout=C:\Users\jimmy\Desktop\meta-bi\Samples\Demos\MetaOrchestrationHairballCliIntegration\Runs\hairball-seed-20260530\RunArtifacts\runs\20260603-185716_bb82a8c45ce24311ba67a7cf001329c5\logs\BridgeL05L06-4036.stdout.log; stdoutBytes=0; stdoutTruncated=False; stdoutDroppedBytes=0; stderr=C:\Users\jimmy\Desktop\meta-bi\Samples\Demos\MetaOrchestrationHairballCliIntegration\Runs\hairball-seed-20260530\RunArtifacts\runs\20260603-185716_bb82a8c45ce24311ba67a7cf001329c5\logs\BridgeL05L06-4036.stderr.log; stderrBytes=0; stderrTruncated=False; stderrDroppedBytes=0
2026-06-03T18:57:55.9533231+00:00	WorkerLogSummary	Layer08Node05	stdout=C:\Users\jimmy\Desktop\meta-bi\Samples\Demos\MetaOrchestrationHairballCliIntegration\Runs\hairball-seed-20260530\RunArtifacts\runs\20260603-185716_bb82a8c45ce24311ba67a7cf001329c5\logs\Layer08Node05-24716.stdout.log; stdoutBytes=0; stdoutTruncated=False; stdoutDroppedBytes=0; stderr=C:\Users\jimmy\Desktop\meta-bi\Samples\Demos\MetaOrchestrationHairballCliIntegration\Runs\hairball-seed-20260530\RunArtifacts\runs\20260603-185716_bb82a8c45ce24311ba67a7cf001329c5\logs\Layer08Node05-24716.stderr.log; stderrBytes=0; stderrTruncated=False; stderrDroppedBytes=0
2026-06-03T18:57:55.9538420+00:00	WorkerLogSummary	Layer05Hub	stdout=C:\Users\jimmy\Desktop\meta-bi\Samples\Demos\MetaOrchestrationHairballCliIntegration\Runs\hairball-seed-20260530\RunArtifacts\runs\20260603-185716_bb82a8c45ce24311ba67a7cf001329c5\logs\Layer05Hub-9604.stdout.log; stdoutBytes=0; stdoutTruncated=False; stdoutDroppedBytes=0; stderr=C:\Users\jimmy\Desktop\meta-bi\Samples\Demos\MetaOrchestrationHairballCliIntegration\Runs\hairball-seed-20260530\RunArtifacts\runs\20260603-185716_bb82a8c45ce24311ba67a7cf001329c5\logs\Layer05Hub-9604.stderr.log; stderrBytes=0; stderrTruncated=False; stderrDroppedBytes=0
2026-06-03T18:57:55.9543643+00:00	WorkerLogSummary	Layer05Node01	stdout=C:\Users\jimmy\Desktop\meta-bi\Samples\Demos\MetaOrchestrationHairballCliIntegration\Runs\hairball-seed-20260530\RunArtifacts\runs\20260603-185716_bb82a8c45ce24311ba67a7cf001329c5\logs\Layer05Node01-6684.stdout.log; stdoutBytes=0; stdoutTruncated=False; stdoutDroppedBytes=0; stderr=C:\Users\jimmy\Desktop\meta-bi\Samples\Demos\MetaOrchestrationHairballCliIntegration\Runs\hairball-seed-20260530\RunArtifacts\runs\20260603-185716_bb82a8c45ce24311ba67a7cf001329c5\logs\Layer05Node01-6684.stderr.log; stderrBytes=0; stderrTruncated=False; stderrDroppedBytes=0
2026-06-03T18:57:55.9548885+00:00	WorkerLogSummary	Layer07Node08	stdout=C:\Users\jimmy\Desktop\meta-bi\Samples\Demos\MetaOrchestrationHairballCliIntegration\Runs\hairball-seed-20260530\RunArtifacts\runs\20260603-185716_bb82a8c45ce24311ba67a7cf001329c5\logs\Layer07Node08-22464.stdout.log; stdoutBytes=0; stdoutTruncated=False; stdoutDroppedBytes=0; stderr=C:\Users\jimmy\Desktop\meta-bi\Samples\Demos\MetaOrchestrationHairballCliIntegration\Runs\hairball-seed-20260530\RunArtifacts\runs\20260603-185716_bb82a8c45ce24311ba67a7cf001329c5\logs\Layer07Node08-22464.stderr.log; stderrBytes=0; stderrTruncated=False; stderrDroppedBytes=0
2026-06-03T18:57:55.9553353+00:00	WorkerLogSummary	Layer06Node01	stdout=C:\Users\jimmy\Desktop\meta-bi\Samples\Demos\MetaOrchestrationHairballCliIntegration\Runs\hairball-seed-20260530\RunArtifacts\runs\20260603-185716_bb82a8c45ce24311ba67a7cf001329c5\logs\Layer06Node01-7748.stdout.log; stdoutBytes=0; stdoutTruncated=False; stdoutDroppedBytes=0; stderr=C:\Users\jimmy\Desktop\meta-bi\Samples\Demos\MetaOrchestrationHairballCliIntegration\Runs\hairball-seed-20260530\RunArtifacts\runs\20260603-185716_bb82a8c45ce24311ba67a7cf001329c5\logs\Layer06Node01-7748.stderr.log; stderrBytes=0; stderrTruncated=False; stderrDroppedBytes=0
2026-06-03T18:57:55.9556604+00:00	WorkerLogSummary	Layer06Node07	stdout=C:\Users\jimmy\Desktop\meta-bi\Samples\Demos\MetaOrchestrationHairballCliIntegration\Runs\hairball-seed-20260530\RunArtifacts\runs\20260603-185716_bb82a8c45ce24311ba67a7cf001329c5\logs\Layer06Node07-30940.stdout.log; stdoutBytes=0; stdoutTruncated=False; stdoutDroppedBytes=0; stderr=C:\Users\jimmy\Desktop\meta-bi\Samples\Demos\MetaOrchestrationHairballCliIntegration\Runs\hairball-seed-20260530\RunArtifacts\runs\20260603-185716_bb82a8c45ce24311ba67a7cf001329c5\logs\Layer06Node07-30940.stderr.log; stderrBytes=0; stderrTruncated=False; stderrDroppedBytes=0
2026-06-03T18:57:55.9561558+00:00	WorkerLogSummary	Layer06Node10	stdout=C:\Users\jimmy\Desktop\meta-bi\Samples\Demos\MetaOrchestrationHairballCliIntegration\Runs\hairball-seed-20260530\RunArtifacts\runs\20260603-185716_bb82a8c45ce24311ba67a7cf001329c5\logs\Layer06Node10-19464.stdout.log; stdoutBytes=0; stdoutTruncated=False; stdoutDroppedBytes=0; stderr=C:\Users\jimmy\Desktop\meta-bi\Samples\Demos\MetaOrchestrationHairballCliIntegration\Runs\hairball-seed-20260530\RunArtifacts\runs\20260603-185716_bb82a8c45ce24311ba67a7cf001329c5\logs\Layer06Node10-19464.stderr.log; stderrBytes=0; stderrTruncated=False; stderrDroppedBytes=0
2026-06-03T18:57:55.9566460+00:00	WorkerLogSummary	Layer05Node04	stdout=C:\Users\jimmy\Desktop\meta-bi\Samples\Demos\MetaOrchestrationHairballCliIntegration\Runs\hairball-seed-20260530\RunArtifacts\runs\20260603-185716_bb82a8c45ce24311ba67a7cf001329c5\logs\Layer05Node04-28084.stdout.log; stdoutBytes=0; stdoutTruncated=False; stdoutDroppedBytes=0; stderr=C:\Users\jimmy\Desktop\meta-bi\Samples\Demos\MetaOrchestrationHairballCliIntegration\Runs\hairball-seed-20260530\RunArtifacts\runs\20260603-185716_bb82a8c45ce24311ba67a7cf001329c5\logs\Layer05Node04-28084.stderr.log; stderrBytes=0; stderrTruncated=False; stderrDroppedBytes=0
2026-06-03T18:57:55.9571306+00:00	WorkerLogSummary	Layer05Node05	stdout=C:\Users\jimmy\Desktop\meta-bi\Samples\Demos\MetaOrchestrationHairballCliIntegration\Runs\hairball-seed-20260530\RunArtifacts\runs\20260603-185716_bb82a8c45ce24311ba67a7cf001329c5\logs\Layer05Node05-23044.stdout.log; stdoutBytes=0; stdoutTruncated=False; stdoutDroppedBytes=0; stderr=C:\Users\jimmy\Desktop\meta-bi\Samples\Demos\MetaOrchestrationHairballCliIntegration\Runs\hairball-seed-20260530\RunArtifacts\runs\20260603-185716_bb82a8c45ce24311ba67a7cf001329c5\logs\Layer05Node05-23044.stderr.log; stderrBytes=0; stderrTruncated=False; stderrDroppedBytes=0
2026-06-03T18:57:55.9576051+00:00	WorkerLogSummary	Layer05Node01	stdout=C:\Users\jimmy\Desktop\meta-bi\Samples\Demos\MetaOrchestrationHairballCliIntegration\Runs\hairball-seed-20260530\RunArtifacts\runs\20260603-185716_bb82a8c45ce24311ba67a7cf001329c5\logs\Layer05Node01-19724.stdout.log; stdoutBytes=0; stdoutTruncated=False; stdoutDroppedBytes=0; stderr=C:\Users\jimmy\Desktop\meta-bi\Samples\Demos\MetaOrchestrationHairballCliIntegration\Runs\hairball-seed-20260530\RunArtifacts\runs\20260603-185716_bb82a8c45ce24311ba67a7cf001329c5\logs\Layer05Node01-19724.stderr.log; stderrBytes=0; stderrTruncated=False; stderrDroppedBytes=0
2026-06-03T18:57:55.9583093+00:00	WorkerLogSummary	Layer08Node06	stdout=C:\Users\jimmy\Desktop\meta-bi\Samples\Demos\MetaOrchestrationHairballCliIntegration\Runs\hairball-seed-20260530\RunArtifacts\runs\20260603-185716_bb82a8c45ce24311ba67a7cf001329c5\logs\Layer08Node06-22328.stdout.log; stdoutBytes=0; stdoutTruncated=False; stdoutDroppedBytes=0; stderr=C:\Users\jimmy\Desktop\meta-bi\Samples\Demos\MetaOrchestrationHairballCliIntegration\Runs\hairball-seed-20260530\RunArtifacts\runs\20260603-185716_bb82a8c45ce24311ba67a7cf001329c5\logs\Layer08Node06-22328.stderr.log; stderrBytes=0; stderrTruncated=False; stderrDroppedBytes=0
2026-06-03T18:57:55.9587766+00:00	WorkerLogSummary	Layer06Node05	stdout=C:\Users\jimmy\Desktop\meta-bi\Samples\Demos\MetaOrchestrationHairballCliIntegration\Runs\hairball-seed-20260530\RunArtifacts\runs\20260603-185716_bb82a8c45ce24311ba67a7cf001329c5\logs\Layer06Node05-30344.stdout.log; stdoutBytes=0; stdoutTruncated=False; stdoutDroppedBytes=0; stderr=C:\Users\jimmy\Desktop\meta-bi\Samples\Demos\MetaOrchestrationHairballCliIntegration\Runs\hairball-seed-20260530\RunArtifacts\runs\20260603-185716_bb82a8c45ce24311ba67a7cf001329c5\logs\Layer06Node05-30344.stderr.log; stderrBytes=0; stderrTruncated=False; stderrDroppedBytes=0
2026-06-03T18:57:55.9592555+00:00	WorkerLogSummary	AuditHairball	stdout=C:\Users\jimmy\Desktop\meta-bi\Samples\Demos\MetaOrchestrationHairballCliIntegration\Runs\hairball-seed-20260530\RunArtifacts\runs\20260603-185716_bb82a8c45ce24311ba67a7cf001329c5\logs\AuditHairball-24940.stdout.log; stdoutBytes=0; stdoutTruncated=False; stdoutDroppedBytes=0; stderr=C:\Users\jimmy\Desktop\meta-bi\Samples\Demos\MetaOrchestrationHairballCliIntegration\Runs\hairball-seed-20260530\RunArtifacts\runs\20260603-185716_bb82a8c45ce24311ba67a7cf001329c5\logs\AuditHairball-24940.stderr.log; stderrBytes=0; stderrTruncated=False; stderrDroppedBytes=0
2026-06-03T18:57:55.9596734+00:00	WorkerLogSummary	BridgeL05L06	stdout=C:\Users\jimmy\Desktop\meta-bi\Samples\Demos\MetaOrchestrationHairballCliIntegration\Runs\hairball-seed-20260530\RunArtifacts\runs\20260603-185716_bb82a8c45ce24311ba67a7cf001329c5\logs\BridgeL05L06-14648.stdout.log; stdoutBytes=0; stdoutTruncated=False; stdoutDroppedBytes=0; stderr=C:\Users\jimmy\Desktop\meta-bi\Samples\Demos\MetaOrchestrationHairballCliIntegration\Runs\hairball-seed-20260530\RunArtifacts\runs\20260603-185716_bb82a8c45ce24311ba67a7cf001329c5\logs\BridgeL05L06-14648.stderr.log; stderrBytes=0; stderrTruncated=False; stderrDroppedBytes=0
2026-06-03T18:57:55.9600842+00:00	WorkerLogSummary	BridgeL07L08	stdout=C:\Users\jimmy\Desktop\meta-bi\Samples\Demos\MetaOrchestrationHairballCliIntegration\Runs\hairball-seed-20260530\RunArtifacts\runs\20260603-185716_bb82a8c45ce24311ba67a7cf001329c5\logs\BridgeL07L08-29288.stdout.log; stdoutBytes=0; stdoutTruncated=False; stdoutDroppedBytes=0; stderr=C:\Users\jimmy\Desktop\meta-bi\Samples\Demos\MetaOrchestrationHairballCliIntegration\Runs\hairball-seed-20260530\RunArtifacts\runs\20260603-185716_bb82a8c45ce24311ba67a7cf001329c5\logs\BridgeL07L08-29288.stderr.log; stderrBytes=0; stderrTruncated=False; stderrDroppedBytes=0
2026-06-03T18:57:55.9604842+00:00	WorkerLogSummary	Layer06Node08	stdout=C:\Users\jimmy\Desktop\meta-bi\Samples\Demos\MetaOrchestrationHairballCliIntegration\Runs\hairball-seed-20260530\RunArtifacts\runs\20260603-185716_bb82a8c45ce24311ba67a7cf001329c5\logs\Layer06Node08-1976.stdout.log; stdoutBytes=0; stdoutTruncated=False; stdoutDroppedBytes=0; stderr=C:\Users\jimmy\Desktop\meta-bi\Samples\Demos\MetaOrchestrationHairballCliIntegration\Runs\hairball-seed-20260530\RunArtifacts\runs\20260603-185716_bb82a8c45ce24311ba67a7cf001329c5\logs\Layer06Node08-1976.stderr.log; stderrBytes=0; stderrTruncated=False; stderrDroppedBytes=0
2026-06-03T18:57:55.9609091+00:00	WorkerLogSummary	Layer07Node05	stdout=C:\Users\jimmy\Desktop\meta-bi\Samples\Demos\MetaOrchestrationHairballCliIntegration\Runs\hairball-seed-20260530\RunArtifacts\runs\20260603-185716_bb82a8c45ce24311ba67a7cf001329c5\logs\Layer07Node05-27104.stdout.log; stdoutBytes=0; stdoutTruncated=False; stdoutDroppedBytes=0; stderr=C:\Users\jimmy\Desktop\meta-bi\Samples\Demos\MetaOrchestrationHairballCliIntegration\Runs\hairball-seed-20260530\RunArtifacts\runs\20260603-185716_bb82a8c45ce24311ba67a7cf001329c5\logs\Layer07Node05-27104.stderr.log; stderrBytes=0; stderrTruncated=False; stderrDroppedBytes=0
2026-06-03T18:57:55.9613934+00:00	WorkerLogSummary	Layer05Node08	stdout=C:\Users\jimmy\Desktop\meta-bi\Samples\Demos\MetaOrchestrationHairballCliIntegration\Runs\hairball-seed-20260530\RunArtifacts\runs\20260603-185716_bb82a8c45ce24311ba67a7cf001329c5\logs\Layer05Node08-29776.stdout.log; stdoutBytes=0; stdoutTruncated=False; stdoutDroppedBytes=0; stderr=C:\Users\jimmy\Desktop\meta-bi\Samples\Demos\MetaOrchestrationHairballCliIntegration\Runs\hairball-seed-20260530\RunArtifacts\runs\20260603-185716_bb82a8c45ce24311ba67a7cf001329c5\logs\Layer05Node08-29776.stderr.log; stderrBytes=0; stderrTruncated=False; stderrDroppedBytes=0
2026-06-03T18:57:55.9618333+00:00	WorkerLogSummary	Layer05Node06	stdout=C:\Users\jimmy\Desktop\meta-bi\Samples\Demos\MetaOrchestrationHairballCliIntegration\Runs\hairball-seed-20260530\RunArtifacts\runs\20260603-185716_bb82a8c45ce24311ba67a7cf001329c5\logs\Layer05Node06-17536.stdout.log; stdoutBytes=0; stdoutTruncated=False; stdoutDroppedBytes=0; stderr=C:\Users\jimmy\Desktop\meta-bi\Samples\Demos\MetaOrchestrationHairballCliIntegration\Runs\hairball-seed-20260530\RunArtifacts\runs\20260603-185716_bb82a8c45ce24311ba67a7cf001329c5\logs\Layer05Node06-17536.stderr.log; stderrBytes=0; stderrTruncated=False; stderrDroppedBytes=0
2026-06-03T18:57:55.9622306+00:00	WorkerLogSummary	CompositeMart	stdout=C:\Users\jimmy\Desktop\meta-bi\Samples\Demos\MetaOrchestrationHairballCliIntegration\Runs\hairball-seed-20260530\RunArtifacts\runs\20260603-185716_bb82a8c45ce24311ba67a7cf001329c5\logs\CompositeMart-25020.stdout.log; stdoutBytes=0; stdoutTruncated=False; stdoutDroppedBytes=0; stderr=C:\Users\jimmy\Desktop\meta-bi\Samples\Demos\MetaOrchestrationHairballCliIntegration\Runs\hairball-seed-20260530\RunArtifacts\runs\20260603-185716_bb82a8c45ce24311ba67a7cf001329c5\logs\CompositeMart-25020.stderr.log; stderrBytes=0; stderrTruncated=False; stderrDroppedBytes=0
2026-06-03T18:57:55.9627043+00:00	WorkerLogSummary	Layer05Hub	stdout=C:\Users\jimmy\Desktop\meta-bi\Samples\Demos\MetaOrchestrationHairballCliIntegration\Runs\hairball-seed-20260530\RunArtifacts\runs\20260603-185716_bb82a8c45ce24311ba67a7cf001329c5\logs\Layer05Hub-9768.stdout.log; stdoutBytes=0; stdoutTruncated=False; stdoutDroppedBytes=0; stderr=C:\Users\jimmy\Desktop\meta-bi\Samples\Demos\MetaOrchestrationHairballCliIntegration\Runs\hairball-seed-20260530\RunArtifacts\runs\20260603-185716_bb82a8c45ce24311ba67a7cf001329c5\logs\Layer05Hub-9768.stderr.log; stderrBytes=0; stderrTruncated=False; stderrDroppedBytes=0
2026-06-03T18:57:55.9631768+00:00	WorkerLogSummary	Layer06Hub	stdout=C:\Users\jimmy\Desktop\meta-bi\Samples\Demos\MetaOrchestrationHairballCliIntegration\Runs\hairball-seed-20260530\RunArtifacts\runs\20260603-185716_bb82a8c45ce24311ba67a7cf001329c5\logs\Layer06Hub-23948.stdout.log; stdoutBytes=0; stdoutTruncated=False; stdoutDroppedBytes=0; stderr=C:\Users\jimmy\Desktop\meta-bi\Samples\Demos\MetaOrchestrationHairballCliIntegration\Runs\hairball-seed-20260530\RunArtifacts\runs\20260603-185716_bb82a8c45ce24311ba67a7cf001329c5\logs\Layer06Hub-23948.stderr.log; stderrBytes=0; stderrTruncated=False; stderrDroppedBytes=0
2026-06-03T18:57:55.9636251+00:00	WorkerLogSummary	Layer07Hub	stdout=C:\Users\jimmy\Desktop\meta-bi\Samples\Demos\MetaOrchestrationHairballCliIntegration\Runs\hairball-seed-20260530\RunArtifacts\runs\20260603-185716_bb82a8c45ce24311ba67a7cf001329c5\logs\Layer07Hub-25420.stdout.log; stdoutBytes=0; stdoutTruncated=False; stdoutDroppedBytes=0; stderr=C:\Users\jimmy\Desktop\meta-bi\Samples\Demos\MetaOrchestrationHairballCliIntegration\Runs\hairball-seed-20260530\RunArtifacts\runs\20260603-185716_bb82a8c45ce24311ba67a7cf001329c5\logs\Layer07Hub-25420.stderr.log; stderrBytes=0; stderrTruncated=False; stderrDroppedBytes=0
2026-06-03T18:57:55.9640975+00:00	WorkerLogSummary	Layer07Node01	stdout=C:\Users\jimmy\Desktop\meta-bi\Samples\Demos\MetaOrchestrationHairballCliIntegration\Runs\hairball-seed-20260530\RunArtifacts\runs\20260603-185716_bb82a8c45ce24311ba67a7cf001329c5\logs\Layer07Node01-29604.stdout.log; stdoutBytes=0; stdoutTruncated=False; stdoutDroppedBytes=0; stderr=C:\Users\jimmy\Desktop\meta-bi\Samples\Demos\MetaOrchestrationHairballCliIntegration\Runs\hairball-seed-20260530\RunArtifacts\runs\20260603-185716_bb82a8c45ce24311ba67a7cf001329c5\logs\Layer07Node01-29604.stderr.log; stderrBytes=0; stderrTruncated=False; stderrDroppedBytes=0
2026-06-03T18:57:55.9644941+00:00	WorkerLogSummary	Layer07Node03	stdout=C:\Users\jimmy\Desktop\meta-bi\Samples\Demos\MetaOrchestrationHairballCliIntegration\Runs\hairball-seed-20260530\RunArtifacts\runs\20260603-185716_bb82a8c45ce24311ba67a7cf001329c5\logs\Layer07Node03-4680.stdout.log; stdoutBytes=0; stdoutTruncated=False; stdoutDroppedBytes=0; stderr=C:\Users\jimmy\Desktop\meta-bi\Samples\Demos\MetaOrchestrationHairballCliIntegration\Runs\hairball-seed-20260530\RunArtifacts\runs\20260603-185716_bb82a8c45ce24311ba67a7cf001329c5\logs\Layer07Node03-4680.stderr.log; stderrBytes=0; stderrTruncated=False; stderrDroppedBytes=0
2026-06-03T18:57:55.9649259+00:00	WorkerLogSummary	Layer07Node06	stdout=C:\Users\jimmy\Desktop\meta-bi\Samples\Demos\MetaOrchestrationHairballCliIntegration\Runs\hairball-seed-20260530\RunArtifacts\runs\20260603-185716_bb82a8c45ce24311ba67a7cf001329c5\logs\Layer07Node06-23196.stdout.log; stdoutBytes=0; stdoutTruncated=False; stdoutDroppedBytes=0; stderr=C:\Users\jimmy\Desktop\meta-bi\Samples\Demos\MetaOrchestrationHairballCliIntegration\Runs\hairball-seed-20260530\RunArtifacts\runs\20260603-185716_bb82a8c45ce24311ba67a7cf001329c5\logs\Layer07Node06-23196.stderr.log; stderrBytes=0; stderrTruncated=False; stderrDroppedBytes=0
2026-06-03T18:57:55.9653692+00:00	WorkerLogSummary	Layer08Hub	stdout=C:\Users\jimmy\Desktop\meta-bi\Samples\Demos\MetaOrchestrationHairballCliIntegration\Runs\hairball-seed-20260530\RunArtifacts\runs\20260603-185716_bb82a8c45ce24311ba67a7cf001329c5\logs\Layer08Hub-24568.stdout.log; stdoutBytes=0; stdoutTruncated=False; stdoutDroppedBytes=0; stderr=C:\Users\jimmy\Desktop\meta-bi\Samples\Demos\MetaOrchestrationHairballCliIntegration\Runs\hairball-seed-20260530\RunArtifacts\runs\20260603-185716_bb82a8c45ce24311ba67a7cf001329c5\logs\Layer08Hub-24568.stderr.log; stderrBytes=0; stderrTruncated=False; stderrDroppedBytes=0
2026-06-03T18:57:55.9658050+00:00	WorkerLogSummary	Layer08Node01	stdout=C:\Users\jimmy\Desktop\meta-bi\Samples\Demos\MetaOrchestrationHairballCliIntegration\Runs\hairball-seed-20260530\RunArtifacts\runs\20260603-185716_bb82a8c45ce24311ba67a7cf001329c5\logs\Layer08Node01-19264.stdout.log; stdoutBytes=0; stdoutTruncated=False; stdoutDroppedBytes=0; stderr=C:\Users\jimmy\Desktop\meta-bi\Samples\Demos\MetaOrchestrationHairballCliIntegration\Runs\hairball-seed-20260530\RunArtifacts\runs\20260603-185716_bb82a8c45ce24311ba67a7cf001329c5\logs\Layer08Node01-19264.stderr.log; stderrBytes=0; stderrTruncated=False; stderrDroppedBytes=0
2026-06-03T18:57:55.9661799+00:00	WorkerLogSummary	Layer08Node02	stdout=C:\Users\jimmy\Desktop\meta-bi\Samples\Demos\MetaOrchestrationHairballCliIntegration\Runs\hairball-seed-20260530\RunArtifacts\runs\20260603-185716_bb82a8c45ce24311ba67a7cf001329c5\logs\Layer08Node02-18768.stdout.log; stdoutBytes=0; stdoutTruncated=False; stdoutDroppedBytes=0; stderr=C:\Users\jimmy\Desktop\meta-bi\Samples\Demos\MetaOrchestrationHairballCliIntegration\Runs\hairball-seed-20260530\RunArtifacts\runs\20260603-185716_bb82a8c45ce24311ba67a7cf001329c5\logs\Layer08Node02-18768.stderr.log; stderrBytes=0; stderrTruncated=False; stderrDroppedBytes=0
2026-06-03T18:57:55.9667123+00:00	WorkerLogSummary	RegionalMart02	stdout=C:\Users\jimmy\Desktop\meta-bi\Samples\Demos\MetaOrchestrationHairballCliIntegration\Runs\hairball-seed-20260530\RunArtifacts\runs\20260603-185716_bb82a8c45ce24311ba67a7cf001329c5\logs\RegionalMart02-21092.stdout.log; stdoutBytes=0; stdoutTruncated=False; stdoutDroppedBytes=0; stderr=C:\Users\jimmy\Desktop\meta-bi\Samples\Demos\MetaOrchestrationHairballCliIntegration\Runs\hairball-seed-20260530\RunArtifacts\runs\20260603-185716_bb82a8c45ce24311ba67a7cf001329c5\logs\RegionalMart02-21092.stderr.log; stderrBytes=0; stderrTruncated=False; stderrDroppedBytes=0
2026-06-03T18:57:55.9673484+00:00	WorkerLogSummary	AuditHairball	stdout=C:\Users\jimmy\Desktop\meta-bi\Samples\Demos\MetaOrchestrationHairballCliIntegration\Runs\hairball-seed-20260530\RunArtifacts\runs\20260603-185716_bb82a8c45ce24311ba67a7cf001329c5\logs\AuditHairball-6688.stdout.log; stdoutBytes=0; stdoutTruncated=False; stdoutDroppedBytes=0; stderr=C:\Users\jimmy\Desktop\meta-bi\Samples\Demos\MetaOrchestrationHairballCliIntegration\Runs\hairball-seed-20260530\RunArtifacts\runs\20260603-185716_bb82a8c45ce24311ba67a7cf001329c5\logs\AuditHairball-6688.stderr.log; stderrBytes=0; stderrTruncated=False; stderrDroppedBytes=0
2026-06-03T18:57:55.9678279+00:00	WorkerLogSummary	Layer08Node03	stdout=C:\Users\jimmy\Desktop\meta-bi\Samples\Demos\MetaOrchestrationHairballCliIntegration\Runs\hairball-seed-20260530\RunArtifacts\runs\20260603-185716_bb82a8c45ce24311ba67a7cf001329c5\logs\Layer08Node03-27880.stdout.log; stdoutBytes=0; stdoutTruncated=False; stdoutDroppedBytes=0; stderr=C:\Users\jimmy\Desktop\meta-bi\Samples\Demos\MetaOrchestrationHairballCliIntegration\Runs\hairball-seed-20260530\RunArtifacts\runs\20260603-185716_bb82a8c45ce24311ba67a7cf001329c5\logs\Layer08Node03-27880.stderr.log; stderrBytes=0; stderrTruncated=False; stderrDroppedBytes=0
2026-06-03T18:57:55.9682414+00:00	WorkerLogSummary	Layer08Node04	stdout=C:\Users\jimmy\Desktop\meta-bi\Samples\Demos\MetaOrchestrationHairballCliIntegration\Runs\hairball-seed-20260530\RunArtifacts\runs\20260603-185716_bb82a8c45ce24311ba67a7cf001329c5\logs\Layer08Node04-22800.stdout.log; stdoutBytes=0; stdoutTruncated=False; stdoutDroppedBytes=0; stderr=C:\Users\jimmy\Desktop\meta-bi\Samples\Demos\MetaOrchestrationHairballCliIntegration\Runs\hairball-seed-20260530\RunArtifacts\runs\20260603-185716_bb82a8c45ce24311ba67a7cf001329c5\logs\Layer08Node04-22800.stderr.log; stderrBytes=0; stderrTruncated=False; stderrDroppedBytes=0
2026-06-03T18:57:55.9686417+00:00	WorkerLogSummary	Layer08Node08	stdout=C:\Users\jimmy\Desktop\meta-bi\Samples\Demos\MetaOrchestrationHairballCliIntegration\Runs\hairball-seed-20260530\RunArtifacts\runs\20260603-185716_bb82a8c45ce24311ba67a7cf001329c5\logs\Layer08Node08-24992.stdout.log; stdoutBytes=0; stdoutTruncated=False; stdoutDroppedBytes=0; stderr=C:\Users\jimmy\Desktop\meta-bi\Samples\Demos\MetaOrchestrationHairballCliIntegration\Runs\hairball-seed-20260530\RunArtifacts\runs\20260603-185716_bb82a8c45ce24311ba67a7cf001329c5\logs\Layer08Node08-24992.stderr.log; stderrBytes=0; stderrTruncated=False; stderrDroppedBytes=0
2026-06-03T18:57:55.9690586+00:00	WorkerLogSummary	PublishHairballFinal	stdout=C:\Users\jimmy\Desktop\meta-bi\Samples\Demos\MetaOrchestrationHairballCliIntegration\Runs\hairball-seed-20260530\RunArtifacts\runs\20260603-185716_bb82a8c45ce24311ba67a7cf001329c5\logs\PublishHairballFinal-28168.stdout.log; stdoutBytes=0; stdoutTruncated=False; stdoutDroppedBytes=0; stderr=C:\Users\jimmy\Desktop\meta-bi\Samples\Demos\MetaOrchestrationHairballCliIntegration\Runs\hairball-seed-20260530\RunArtifacts\runs\20260603-185716_bb82a8c45ce24311ba67a7cf001329c5\logs\PublishHairballFinal-28168.stderr.log; stderrBytes=0; stderrTruncated=False; stderrDroppedBytes=0
2026-06-03T18:57:55.9695334+00:00	WorkerLogSummary	RegionalMart01	stdout=C:\Users\jimmy\Desktop\meta-bi\Samples\Demos\MetaOrchestrationHairballCliIntegration\Runs\hairball-seed-20260530\RunArtifacts\runs\20260603-185716_bb82a8c45ce24311ba67a7cf001329c5\logs\RegionalMart01-28232.stdout.log; stdoutBytes=0; stdoutTruncated=False; stdoutDroppedBytes=0; stderr=C:\Users\jimmy\Desktop\meta-bi\Samples\Demos\MetaOrchestrationHairballCliIntegration\Runs\hairball-seed-20260530\RunArtifacts\runs\20260603-185716_bb82a8c45ce24311ba67a7cf001329c5\logs\RegionalMart01-28232.stderr.log; stderrBytes=0; stderrTruncated=False; stderrDroppedBytes=0
2026-06-03T18:57:55.9700437+00:00	WorkerLogSummary	RegionalMart03	stdout=C:\Users\jimmy\Desktop\meta-bi\Samples\Demos\MetaOrchestrationHairballCliIntegration\Runs\hairball-seed-20260530\RunArtifacts\runs\20260603-185716_bb82a8c45ce24311ba67a7cf001329c5\logs\RegionalMart03-26940.stdout.log; stdoutBytes=0; stdoutTruncated=False; stdoutDroppedBytes=0; stderr=C:\Users\jimmy\Desktop\meta-bi\Samples\Demos\MetaOrchestrationHairballCliIntegration\Runs\hairball-seed-20260530\RunArtifacts\runs\20260603-185716_bb82a8c45ce24311ba67a7cf001329c5\logs\RegionalMart03-26940.stderr.log; stderrBytes=0; stderrTruncated=False; stderrDroppedBytes=0
2026-06-03T18:57:55.9704938+00:00	WorkerLogSummary	RegionalMart04	stdout=C:\Users\jimmy\Desktop\meta-bi\Samples\Demos\MetaOrchestrationHairballCliIntegration\Runs\hairball-seed-20260530\RunArtifacts\runs\20260603-185716_bb82a8c45ce24311ba67a7cf001329c5\logs\RegionalMart04-19336.stdout.log; stdoutBytes=0; stdoutTruncated=False; stdoutDroppedBytes=0; stderr=C:\Users\jimmy\Desktop\meta-bi\Samples\Demos\MetaOrchestrationHairballCliIntegration\Runs\hairball-seed-20260530\RunArtifacts\runs\20260603-185716_bb82a8c45ce24311ba67a7cf001329c5\logs\RegionalMart04-19336.stderr.log; stderrBytes=0; stderrTruncated=False; stderrDroppedBytes=0
2026-06-03T18:57:55.9716533+00:00	RunCompleted	DefaultRunPlan	Succeeded
